Epoch	AverageEpRet	StdEpRet	MaxEpRet	MinEpRet	EpLen	AverageVVals	StdVVals	MaxVVals	MinVVals	TotalEnvInteracts	StacGradNorm	VanillaGradNorm	ImplicitGradNorm	LossPi	LossV	DeltaLossPi	DeltaLossV	Entropy	KL	Time
0	21.52973	12.505585	94.0	8.0	21.52973	-0.25598937	0.06417229	-0.04766972	-0.43711662	4000	0.14592047	0.14592047	0.31924763	0.0061561223	286.49606	0.0	-212.67844	0.688596	4.0233136e-10	1.2379734516143799
1	23.809525	14.634416	111.0	9.0	23.809525	13.535853	5.1817064	21.602827	0.6586533	8000	0.20614722	0.20614722	0.23673356	0.0054929866	92.369865	0.0	-8.269905	0.6898884	1.192093e-10	1.7116832733154297
2	21.73224	10.888877	76.0	8.0	21.73224	13.680645	6.688576	27.429567	1.2941728	12000	0.20164634	0.20164634	0.1815772	0.002425996	55.41542	0.0	-10.223106	0.69087577	5.066395e-10	2.1618213653564453
3	23.662722	12.659813	87.0	9.0	23.662722	13.071262	5.668035	19.980007	1.6448151	16000	0.2045157	0.2045157	0.21277247	-0.003542346	65.82106	0.0	-2.9288673	0.6912031	-5.364418e-10	2.654994249343872
4	24.484663	14.107107	87.0	9.0	24.484663	13.958588	6.0139346	21.071152	0.75345343	20000	0.21154524	0.21154524	0.19298019	-0.0062133884	79.1557	0.0	-3.5656815	0.6910349	3.874302e-10	3.1045498847961426
5	23.832335	13.048345	70.0	8.0	23.832335	14.680776	6.797997	22.75407	0.73927873	24000	0.18174347	0.18174347	0.14868893	-0.012155648	63.83438	0.0	-2.3517342	0.69062	1.1622906e-09	3.5798487663269043
6	26.124184	14.964585	93.0	8.0	26.124184	14.305715	6.379599	21.89801	0.41542488	28000	0.17516614	0.17516614	0.16241147	-0.014524287	89.02901	0.0	-3.3515396	0.6896861	-2.9802322e-10	4.036573886871338
7	24.635803	15.394305	90.0	10.0	24.635803	15.391392	6.8314114	24.012808	0.8579035	32000	0.18442084	0.18442084	0.15480347	-0.017185256	93.26872	0.0	-2.1156845	0.6884832	-1.0430813e-10	4.492313623428345
8	27.944056	16.205748	96.0	9.0	27.944056	16.198397	6.6891913	23.945885	0.7047677	36000	0.1750809	0.1750809	0.1775162	-0.021135105	95.98544	0.0	-2.0904083	0.6872376	-5.364418e-10	4.949744701385498
9	26.864864	15.566183	91.0	10.0	26.864864	16.238972	7.1663814	24.03401	0.44640353	40000	0.16057679	0.16057679	0.14587337	-0.020759515	85.14028	0.0	-0.23412323	0.68641716	-1.0952353e-09	5.386712312698364
10	26.019608	13.595689	81.0	8.0	26.019608	16.0479	7.556496	23.859499	0.38846707	44000	0.17771079	0.17771079	0.15946227	-0.028020302	62.41663	0.0	-2.0573196	0.6842383	-6.556511e-10	5.826612710952759
11	29.878788	17.054739	100.0	10.0	29.878788	15.022487	6.9389052	23.830105	-0.05571246	48000	0.15168609	0.15168609	0.19043386	-0.023001697	109.44327	0.0	-10.169212	0.68362415	6.780028e-10	6.275176525115967
12	30.257576	21.98678	158.0	9.0	30.257576	17.92135	7.799563	27.23779	0.5954288	52000	0.15582597	0.15582597	0.1469318	-0.02723851	164.30739	0.0	-6.5500336	0.6821948	7.4505807e-10	6.729100227355957
13	30.174242	15.245713	96.0	10.0	30.174242	19.809225	8.959352	31.82147	0.41681898	56000	0.14783527	0.14783527	0.14384593	-0.030176353	88.89089	0.0	-13.3129425	0.68064904	-6.2584876e-10	7.176602363586426
14	27.164383	15.393037	108.0	10.0	27.164383	16.264627	7.718314	27.828556	0.5644238	60000	0.16766001	0.16766001	0.17797449	-0.03442895	85.47319	0.0	-2.0385056	0.678196	-4.4703484e-11	7.6456458568573
15	30.496183	15.134195	80.0	10.0	30.496183	16.185188	7.484474	25.311289	0.695959	64000	0.15309714	0.15309714	0.16334091	-0.0317752	79.292656	0.0	-1.5632324	0.67665595	-6.1839817e-10	8.100977659225464
16	30.007519	17.288137	91.0	11.0	30.007519	16.251255	7.2580395	25.019701	0.56115973	68000	0.16577226	0.16577226	0.17382546	-0.03349567	109.48177	0.0	-6.8669205	0.6744341	7.450581e-12	8.544293403625488
17	32.713116	20.055857	154.0	10.0	32.713116	18.175266	7.2193313	25.399628	0.35966554	72000	0.15832399	0.15832399	0.16516371	-0.036245897	137.50316	0.0	-3.616623	0.6741112	-1.0803342e-09	8.983359098434448
18	35.309734	21.314783	107.0	10.0	35.309734	19.042503	8.367632	29.62084	0.5491507	76000	0.14265426	0.14265426	0.14565772	-0.035540048	131.11539	0.0	-9.996567	0.6722949	3.1292438e-10	9.460988998413086
19	35.07895	19.861425	114.0	9.0	35.07895	20.518019	9.061067	30.522205	1.146177	80000	0.139246	0.139246	0.12711596	-0.03827683	114.3317	0.0	-5.5567017	0.67171574	-8.1956386e-10	9.909945726394653
20	36.697247	20.458282	97.0	11.0	36.697247	19.913145	8.668725	31.20044	0.40795228	84000	0.14869913	0.14869913	0.26384902	-0.03943716	112.81371	0.0	-6.594818	0.66946465	-4.3958426e-10	10.348549842834473
21	34.690266	18.360249	90.0	11.0	34.690266	20.897223	9.253655	31.708437	0.36563584	88000	0.15027939	0.15027939	0.16241068	-0.04021745	103.333664	0.0	-4.3374405	0.6676288	7.8231094e-10	10.809944868087769
22	39.66	24.266115	159.0	10.0	39.66	18.977026	8.723724	29.123001	0.7529328	92000	0.14937784	0.14937784	0.14070943	-0.03454372	179.39284	0.0	-17.926666	0.6662944	3.7252904e-10	11.259705543518066
23	34.739132	17.568295	102.0	10.0	34.739132	22.227715	9.8815155	35.63518	0.5036413	96000	0.13498177	0.13498177	0.11826892	-0.04275891	119.23071	0.0	-21.286232	0.6630238	-1.1622906e-09	11.716619491577148
24	35.221237	20.87075	157.0	9.0	35.221237	18.518621	7.9614606	30.1603	0.10365972	100000	0.14254655	0.14254655	0.11972223	-0.043273777	141.38794	0.0	-8.571945	0.6621455	3.9488077e-10	12.151903629302979
25	38.699028	20.81534	107.0	10.0	38.699028	19.170399	9.039121	30.917198	-1.0249224	104000	0.14848438	0.14848438	0.13020234	-0.042110354	114.9217	0.0	-5.619179	0.66150093	-7.674098e-10	12.597896337509155
26	41.789474	27.013796	136.0	11.0	41.789474	21.427727	9.09155	32.840816	0.56611997	108000	0.11202672	0.11202672	0.105372086	-0.035786532	192.29247	0.0	-18.36882	0.6607693	-3.2782554e-10	13.043583869934082
27	36.568806	18.854034	119.0	13.0	36.568806	23.44696	10.478636	36.347507	0.19375741	112000	0.13622953	0.13622953	0.09007842	-0.047438912	120.246574	0.0	-19.25129	0.6566721	1.013279e-09	13.493703126907349
28	36.657406	20.504364	115.0	10.0	36.657406	20.578537	8.921947	30.243067	0.26532158	116000	0.15255536	0.15255536	0.16642287	-0.050120205	114.76448	0.0	-3.0544891	0.65425855	7.4505807e-10	13.949020385742188
29	42.553192	24.29106	128.0	11.0	42.553192	20.343388	8.968373	31.136797	0.63077426	120000	0.12572311	0.12572311	0.12987122	-0.041924614	158.84656	0.0	-5.874405	0.6567002	1.7136335e-10	14.399702787399292
30	42.0	23.926203	132.0	14.0	42.0	23.369312	9.914447	34.488438	0.49136367	124000	0.13781603	0.13781603	0.1431388	-0.04788711	146.2639	0.0	-6.6325836	0.6527244	1.4901162e-11	14.86042857170105
31	45.386364	31.180351	177.0	12.0	45.386364	22.658045	9.84484	34.204403	0.28685284	128000	0.13484688	0.13484688	0.13547991	-0.038458575	221.95697	0.0	-19.475098	0.65208596	6.4074995e-10	15.304051876068115
32	45.908047	26.162022	141.0	14.0	45.908047	25.169811	12.0142565	38.43913	-0.2770928	132000	0.13685644	0.13685644	0.12072379	-0.043491893	150.79771	0.0	-9.472244	0.6534956	1.6689301e-09	15.741803884506226
33	44.2809	25.626526	172.0	11.0	44.2809	25.374895	11.243356	37.985844	0.8936067	136000	0.13361251	0.13361251	0.1143009	-0.048202306	149.33847	0.0	-5.772217	0.6479053	1.5646219e-10	16.191696405410767
34	47.289158	22.963318	117.0	10.0	47.289158	23.561398	11.072546	37.86841	0.08475441	140000	0.12164677	0.12164677	0.13601376	-0.04474605	136.21628	0.0	-8.115387	0.6491121	-1.3411044e-10	16.650190114974976
35	44.573032	22.770416	111.0	11.0	44.573032	23.888884	10.713675	37.16343	0.557341	144000	0.11945917	0.11945917	0.19533235	-0.045152955	128.83284	0.0	-6.988556	0.6459612	9.685754e-10	17.091220378875732
36	42.48936	24.649347	119.0	13.0	42.48936	23.4415	10.076933	35.255283	0.73706985	148000	0.13727912	0.13727912	0.13546005	-0.05333825	147.24614	0.0	-4.750946	0.640476	1.0356307e-09	17.534060955047607
37	45.295456	25.539257	170.0	13.0	45.295456	23.11884	10.356429	36.48993	-0.2853943	152000	0.1313864	0.1313864	0.12560238	-0.051037394	153.25208	0.0	-0.70118713	0.6417969	-1.1846423e-09	17.998879432678223
38	46.197674	23.775509	124.0	15.0	46.197674	22.719957	11.135359	41.736954	0.71656734	156000	0.12347073	0.12347073	0.15188558	-0.045735132	151.7917	0.0	-19.617447	0.6426197	-1.15484e-09	18.455758810043335
39	50.73077	24.572065	149.0	17.0	50.73077	24.27261	10.237093	40.6909	0.3915611	160000	0.12790999	0.12790999	0.18300182	-0.045331266	154.08264	0.0	-14.323868	0.64089125	-4.991889e-10	18.910818815231323
40	53.756756	31.763828	167.0	12.0	53.756756	25.535906	11.034512	38.036522	0.2825123	164000	0.12974602	0.12974602	0.10792047	-0.050809186	195.48296	0.0	-16.881638	0.6378429	-1.0356307e-09	19.35056447982788
41	51.922077	27.69911	141.0	13.0	51.922077	28.733582	11.97254	42.053276	-0.033094883	168000	0.10260737	0.10260737	0.09358152	-0.04465238	172.20288	0.0	-22.63736	0.6354622	-6.631017e-10	19.79710030555725
42	50.16456	26.350332	154.0	9.0	50.16456	25.170403	11.401712	41.90344	0.47581834	172000	0.12757935	0.12757935	0.124044776	-0.05575666	154.41266	0.0	-10.956985	0.63422513	2.4586916e-10	20.23306369781494
43	54.232876	30.95269	183.0	18.0	54.232876	25.272099	11.869926	42.12727	0.66343766	176000	0.1099065	0.1099065	0.106570005	-0.04109286	175.44252	0.0	-17.584244	0.63675356	7.748604e-10	20.688627004623413
44	52.263157	25.62296	123.0	10.0	52.263157	27.446133	12.738513	47.61494	-1.275775	180000	0.13900201	0.13900201	0.14914978	-0.05122291	165.83636	0.0	-35.1436	0.63347155	-7.0035455e-10	21.14054846763611
45	52.44737	27.50617	151.0	15.0	52.44737	23.65943	11.214783	40.695225	-1.2448022	184000	0.14692308	0.14692308	0.09969128	-0.052195694	191.24551	0.0	-35.274216	0.63167185	-3.5017728e-10	21.59481143951416
46	52.31579	28.169231	164.0	12.0	52.31579	27.27677	10.886164	42.76877	-0.6197268	188000	0.19378017	0.19378017	0.20589468	-0.0518956	167.36597	0.0	-24.635284	0.6336637	-4.5448542e-10	22.026732921600342
47	52.289474	28.253931	143.0	15.0	52.289474	28.512424	12.231178	48.99083	0.77769697	192000	0.106698036	0.106698036	0.09332846	-0.04571729	156.06694	0.0	-7.928131	0.6283178	-1.0505319e-09	22.46683931350708
48	50.55128	27.948969	166.0	13.0	50.55128	25.570442	12.610632	45.138973	-1.9566813	196000	0.1417139	0.1417139	0.14401576	-0.047025535	174.31245	0.0	-14.947617	0.62734765	-1.7136336e-09	22.9215190410614
49	62.5	37.286476	180.0	16.0	62.5	26.879726	11.492722	43.533844	-0.77503085	200000	0.12233417	0.12233417	0.12638798	-0.044254772	281.8754	0.0	-55.264877	0.62854207	4.842877e-10	23.372950553894043
