Epoch	AverageEpRet	StdEpRet	MaxEpRet	MinEpRet	EpLen	AverageVVals	StdVVals	MaxVVals	MinVVals	TotalEnvInteracts	LossPi	LossV	DeltaLossPi	DeltaLossV	Entropy	KL	ClipFrac	StopIter	Time
0	22.273743	13.015587	100.0	9.0	22.273743	-0.26251402	0.065916464	-0.012148671	-0.4348333	4000	1.502037e-08	304.1753	-0.01753942	-161.78293	0.6888094	0.0074741347	0.14125	79.0	1.3613896369934082
1	27.496552	14.803133	82.0	9.0	27.496552	7.9300995	0.28701198	8.435835	5.481219	8000	1.0633469e-07	187.06903	-0.016653761	-60.72899	0.68906325	0.004214745	0.06225	79.0	1.929342269897461
2	36.336365	21.434584	120.0	10.0	36.336365	12.986723	1.7835114	13.894609	-5.7905865	12000	8.940697e-09	259.37213	-0.015734984	-54.869003	0.67639273	0.01554013	0.19675	18.0	2.3869662284851074
3	54.054054	34.741474	200.0	10.0	54.054054	18.25902	1.270841	18.785183	-3.108397	16000	2.18153e-08	490.3702	-0.016860893	-101.30652	0.6487173	0.007187926	0.05475	79.0	2.967144012451172
4	66.666664	39.4418	173.0	14.0	66.666664	24.748985	1.6119854	25.199142	-11.239794	20000	-2.5272369e-08	485.5022	-0.0107257515	-75.638916	0.6318357	0.01541642	0.11225	12.0	3.4035537242889404
5	81.8125	47.095055	200.0	13.0	81.8125	27.678116	8.180605	30.709211	-24.481283	24000	3.4213066e-08	519.1809	-0.017615624	-111.92258	0.62859887	0.015383329	0.17825	8.0	3.827690362930298
6	155.36	44.84362	200.0	45.0	155.36	35.210426	4.213821	36.64707	-14.112714	28000	-4.2915346e-08	793.2135	-0.005167376	-246.9339	0.6227509	0.002754135	0.02175	79.0	4.397233724594116
7	152.03847	45.65294	200.0	37.0	152.03847	40.927174	8.701748	45.039627	-4.049919	32000	4.2915342e-09	589.34186	-0.006520677	-95.532196	0.6099228	0.0035333496	0.02075	79.0	4.9816977977752686
8	164.04167	46.680187	200.0	22.0	164.04167	46.170837	6.064254	49.49973	9.706194	36000	-5.9604643e-10	494.5469	-0.006324468	-131.24551	0.5996951	0.00601292	0.04375	79.0	5.542876958847046
9	166.34782	41.11131	200.0	29.0	166.34782	46.34711	11.081745	54.379406	6.0029063	40000	-4.768372e-10	334.41782	-0.0055453964	-82.12688	0.60643107	0.0040185945	0.01875	79.0	6.133892059326172
10	178.77272	29.20917	200.0	97.0	178.77272	51.936012	11.999848	58.83501	3.1937633	44000	1.6689301e-09	373.3134	-0.0026091058	-80.09326	0.58893067	0.0038045873	0.01675	79.0	6.696597099304199
11	189.61905	32.79732	200.0	48.0	189.61905	52.275433	12.977809	61.901794	9.032016	48000	8.5830685e-09	392.36856	-0.0028155223	-48.551056	0.5866057	0.0027093077	0.01725	79.0	7.300847053527832
12	190.42857	31.469667	200.0	64.0	190.42857	55.75226	11.891756	64.21904	15.544496	52000	9.536743e-09	437.44803	-0.0022163924	-24.450775	0.57289886	0.0038916566	0.01275	79.0	7.86133599281311
13	200.0	0.0	200.0	200.0	200.0	54.952316	10.866979	65.093414	15.06909	56000	2.002716e-08	462.03165	-0.0021492548	-75.339386	0.56458193	0.0009505006	0.0315	79.0	8.418623447418213
14	200.0	0.0	200.0	200.0	200.0	56.4981	10.616252	66.79235	26.110056	60000	-1.1444092e-08	409.53607	-0.002852809	-47.864594	0.56934905	0.004977493	0.04625	79.0	8.990297794342041
15	199.65	1.5256147	200.0	193.0	199.65	56.402836	11.858598	68.95346	23.894907	64000	-3.8146974e-09	367.14786	-0.004750906	-152.11942	0.5666118	0.005507069	0.076	79.0	9.56490445137024
16	191.65	23.965132	200.0	98.0	191.65	50.35528	19.542686	71.16471	2.2825677	68000	-1.26361845e-08	247.19617	-0.002650422	-41.38623	0.5662765	0.0015373831	0.03125	79.0	10.128087282180786
17	198.35	6.7474065	200.0	169.0	198.35	56.02898	16.996752	73.267235	7.746939	72000	-8.106232e-09	177.06615	-0.0026016012	-34.183807	0.56495106	0.0029644265	0.0175	79.0	10.688114166259766
18	195.9	12.31625	200.0	157.0	195.9	60.434258	17.226252	74.62648	8.560382	76000	-2.861023e-09	283.12057	-0.004297685	-44.214157	0.55394703	0.005360596	0.042	79.0	11.26592230796814
19	198.0	8.717798	200.0	160.0	198.0	55.484886	18.015688	74.1482	14.012441	80000	-1.3351441e-08	295.56918	-0.0025504057	-43.373474	0.55588096	0.0018583857	0.021	79.0	11.843073606491089
20	199.15	3.7050638	200.0	183.0	199.15	56.616238	16.472054	75.24458	17.200499	84000	2.861023e-09	285.5207	-0.002562786	-51.023727	0.55170506	0.0027451606	0.0435	79.0	12.411360025405884
21	197.5	7.9151754	200.0	167.0	197.5	51.01529	19.900211	75.44034	15.893987	88000	-4.7683715e-09	247.48657	-0.0037177363	-75.6734	0.56498	0.0040018097	0.02675	79.0	12.990720272064209
22	194.45	17.042522	200.0	133.0	194.45	59.92632	17.198858	77.361115	7.577661	92000	-5.722046e-09	262.57886	-0.0021971497	-50.888306	0.54945606	0.0037202083	0.03025	79.0	13.562585592269897
23	200.0	0.0	200.0	200.0	200.0	57.169212	16.752409	76.989525	21.337791	96000	3.8146974e-09	281.73862	-0.0030452814	-24.707214	0.53290576	0.00471642	0.02875	79.0	14.151197910308838
24	197.4	11.333137	200.0	148.0	197.4	55.73847	18.207087	77.63063	15.43288	100000	-4.529953e-09	199.15215	-0.0019278331	-39.154343	0.5321669	0.0030382855	0.0135	79.0	14.714198589324951
25	200.0	0.0	200.0	200.0	200.0	56.438297	19.174711	78.9803	13.354543	104000	-9.536744e-10	272.53394	-0.0023323821	-66.21347	0.51716125	0.001107204	0.02625	79.0	15.27631950378418
26	197.0	13.076696	200.0	140.0	197.0	57.373165	19.112225	80.3796	22.94029	108000	4.2915342e-09	245.25397	-0.0010239998	-44.236984	0.5234381	0.0005522941	0.0145	79.0	15.874076128005981
27	195.85	18.089432	200.0	117.0	195.85	55.28394	18.56785	80.69646	19.659718	112000	-2.002716e-08	218.7515	-0.003388449	-42.509064	0.50712425	0.004978411	0.04175	79.0	16.45056462287903
28	200.0	0.0	200.0	200.0	200.0	58.39567	17.298489	81.71393	21.703394	116000	-1.9073487e-09	335.18228	-0.0022511273	-41.837006	0.5055752	0.002944423	0.0255	79.0	17.034663915634155
29	193.15	21.455246	200.0	112.0	193.15	56.88481	16.539356	82.257095	23.109322	120000	5.00679e-09	206.349	-0.0024176606	-46.030212	0.50053036	0.0037126965	0.01325	79.0	17.600325107574463
30	195.0	17.259779	200.0	123.0	195.0	63.246258	16.007597	83.63109	20.982946	124000	3.0994416e-09	300.78476	-0.006536625	-76.767105	0.50229365	0.0067351623	0.08075	79.0	18.178004026412964
31	198.7	5.6665683	200.0	174.0	198.7	59.611595	16.683407	81.23296	18.97025	128000	-8.34465e-09	323.11368	-0.0019495818	-54.180176	0.49253887	0.0047632847	0.019	79.0	18.748096704483032
32	196.7	14.384367	200.0	134.0	196.7	57.44649	16.50964	80.38882	16.303123	132000	-9.536744e-10	392.56345	-0.0025758338	-73.03488	0.49210238	0.003529625	0.037	79.0	19.317617416381836
33	200.0	0.0	200.0	200.0	200.0	53.59789	14.269833	79.9057	22.575987	136000	-2.5749207e-08	296.8267	-0.0012050648	-83.93857	0.4824446	0.0015650752	0.01275	79.0	19.879868745803833
34	200.0	0.0	200.0	200.0	200.0	61.47895	14.9334345	80.03068	16.57484	140000	5.722046e-09	305.71307	-0.0015868988	-76.94888	0.48768452	0.0033205512	0.01675	79.0	20.437777996063232
35	200.0	0.0	200.0	200.0	200.0	59.863262	19.210457	82.19013	13.095999	144000	-7.629395e-09	360.0193	-0.0047582304	-120.33389	0.482411	0.006470967	0.05475	79.0	20.996267080307007
36	200.0	0.0	200.0	200.0	200.0	55.99834	16.206116	80.423836	9.398018	148000	1.0490417e-08	290.8694	-0.0011448335	-38.02629	0.480411	0.0005592002	0.015	79.0	21.58511233329773
37	200.0	0.0	200.0	200.0	200.0	60.99072	19.8919	82.61649	10.665981	152000	-5.722046e-09	255.77301	-0.002060484	-42.36862	0.46543133	0.0062130135	0.02875	79.0	22.15428137779236
38	200.0	0.0	200.0	200.0	200.0	58.627945	18.678484	80.551	14.405597	156000	7.629395e-09	276.6167	-0.0018361054	-57.609146	0.4671638	0.00499169	0.03	79.0	22.724602699279785
39	200.0	0.0	200.0	200.0	200.0	56.94146	17.185873	77.47039	7.0628424	160000	-5.722046e-09	258.49594	-0.0017984133	-39.972565	0.46898085	0.0022376531	0.039	79.0	23.305397510528564
40	194.25	13.464305	200.0	153.0	194.25	56.75771	17.758577	79.55426	4.901413	164000	-6.0796737e-09	217.69026	-0.0022922654	-46.057816	0.47372222	0.006179838	0.03625	79.0	23.88094425201416
41	188.5238	19.891657	200.0	137.0	188.5238	55.37192	20.332684	81.83406	7.323197	168000	7.7486035e-09	169.71988	-0.005993164	-60.060547	0.4730656	0.006261873	0.051	79.0	24.45625901222229
42	177.36363	17.182299	200.0	144.0	177.36363	53.826015	22.875843	82.57586	3.844763	172000	7.390976e-09	77.52766	-0.0031805865	-31.849735	0.47372127	0.0024597668	0.0265	79.0	25.027080297470093
43	180.68182	24.307476	200.0	122.0	180.68182	58.479813	19.839642	83.0184	3.3185203	176000	9.536743e-09	149.1405	-0.002578895	-38.838135	0.4728049	0.0073853587	0.05075	79.0	25.601949453353882
44	190.19048	14.737768	200.0	154.0	190.19048	57.646183	19.266064	81.908516	-0.012207389	180000	-4.172325e-09	184.8248	-0.0032203852	-46.7464	0.45712766	0.005757887	0.04075	79.0	26.16270422935486
45	193.45	13.211643	200.0	155.0	193.45	56.65921	20.157698	78.66064	5.5339317	184000	-2.026558e-09	147.34518	-0.002209296	-31.39573	0.45090437	0.0030334143	0.025	79.0	26.72433614730835
46	194.75	14.459858	200.0	142.0	194.75	57.324375	20.344545	82.079025	8.760029	188000	-4.9471853e-09	183.42612	-0.001976324	-26.473648	0.44561678	-0.00035428608	0.01225	79.0	27.32663321495056
47	197.65	6.207052	200.0	176.0	197.65	59.435246	19.167774	80.28541	4.311764	192000	9.059906e-09	281.45853	-0.0018238091	-39.414215	0.42943713	0.00059850677	0.0145	79.0	27.906158924102783
48	198.95	4.5768437	200.0	179.0	198.95	49.190147	19.676542	78.80663	8.146357	196000	-1.1444092e-08	234.43056	-0.0016054068	-107.626335	0.4166375	0.002819566	0.02175	79.0	28.478909730911255
49	200.0	0.0	200.0	200.0	200.0	70.67989	11.649982	84.33537	27.8475	200000	9.536743e-09	509.89276	-0.002180995	-282.17877	0.39924762	0.004323112	0.025	79.0	29.056860208511353
