Epoch	AverageEpRet	StdEpRet	MaxEpRet	MinEpRet	EpLen	AverageVVals	StdVVals	MaxVVals	MinVVals	TotalEnvInteracts	StacGradNorm	VanillaGradNorm	ImplicitGradNorm	LossPi	LossV	DeltaLossPi	DeltaLossV	Entropy	KL	Time
0	-186.34113	112.35825	-8.821951	-484.60336	94.54762	0.26410553	0.04420407	0.3485931	0.13795686	4000	0.030343557	0.030343557	0.003442688	0.0020898124	13686.976	0.0	-9642.543	1.385024	5.960465e-11	1.6213250160217285
1	-197.26686	124.381256	-53.554546	-531.86285	88.65909	-97.66889	3.271348	-43.073532	-98.80794	8000	0.04255287	0.04255287	0.04274269	0.0015944026	4391.2563	0.0	-1071.4553	1.3851206	1.2516975e-09	2.337465286254883
2	-176.4792	99.82352	-48.09014	-381.99728	92.62791	-101.64494	20.274641	-90.478035	-150.43715	12000	0.044943612	0.044943612	0.048614647	-0.00011339027	2355.7915	0.0	-39.01001	1.3852693	2.9802324e-11	3.027249813079834
3	-174.47755	105.44917	37.553402	-432.76865	90.790695	-103.15965	23.711584	-88.92267	-159.08586	16000	0.04884181	0.04884181	0.047120422	-0.00039424002	2489.1907	0.0	-228.60815	1.3852681	-1.4305115e-09	3.7724597454071045
4	-191.54982	122.55778	-26.298635	-604.10034	91.69768	-98.42655	26.26712	-82.178986	-165.15227	20000	0.040725242	0.040725242	0.039786518	-0.0018383584	4332.0703	0.0	-137.49365	1.3851846	-6.854534e-10	4.476923227310181
5	-161.64801	79.75661	-56.965866	-381.22513	93.88095	-110.96005	23.842567	-95.76117	-173.5518	24000	0.06424492	0.06424492	0.06294032	0.0015216549	2035.9856	0.0	-810.1837	1.3852763	-6.2584876e-10	5.180401086807251
6	-195.45694	109.653496	-12.57702	-476.63022	87.77778	-86.49712	20.583975	-68.518776	-160.5897	28000	0.046809502	0.046809502	0.049074948	0.00030034018	3269.476	0.0	-686.5735	1.3850889	2.1457671e-09	5.879496097564697
7	-158.48753	100.16984	17.530748	-504.5354	89.11364	-114.0555	30.671951	-85.19535	-211.73671	32000	0.06299894	0.06299894	0.058800872	0.00049588596	3275.996	0.0	-1166.5974	1.3852359	3.2782554e-10	6.593535900115967
8	-195.44902	114.45574	38.222946	-504.6104	92.209305	-78.61953	30.39229	-53.554283	-203.59268	36000	0.04440346	0.04440346	0.044148333	0.00041879225	3610.9326	0.0	-1148.023	1.3851978	1.3113022e-09	7.3040077686309814
9	-175.63982	101.2567	15.714179	-475.02878	91.83721	-120.72539	51.368427	-88.981705	-256.83868	40000	0.08853635	0.08853635	0.08806343	-0.00025364684	2539.4465	0.0	-1170.6881	1.3853053	1.013279e-09	7.981252670288086
10	-180.06126	102.26706	-5.262318	-448.9629	92.860466	-89.215965	33.773018	-70.9406	-240.42432	44000	0.048252605	0.048252605	0.04843237	-0.0006175659	2452.3198	0.0	-451.47375	1.385367	1.013279e-09	8.68792462348938
11	-191.7553	117.694244	20.642048	-450.9437	96.39024	-105.28836	36.21448	-64.32096	-220.08905	48000	0.04136997	0.04136997	0.13055244	-0.0012161257	3276.46	0.0	-974.37085	1.3852502	8.046627e-10	9.40076994895935
12	-181.65373	115.9669	11.6799345	-465.01965	93.666664	-87.16704	32.861458	-41.891113	-220.65152	52000	0.04107937	0.04107937	0.042902242	-0.0014952242	3841.307	0.0	-2050.3335	1.3851539	4.4703483e-10	10.084352254867554
13	-165.12747	75.111855	-2.0127819	-376.53168	90.818184	-88.26643	37.362137	-15.455626	-200.55093	56000	0.055096384	0.055096384	0.0050694365	-0.0010465274	1897.5164	0.0	-896.9217	1.3852977	5.066395e-10	10.768605470657349
14	-146.36661	93.981	70.91035	-332.97137	113.542854	-86.79085	22.716385	-26.90843	-178.75514	60000	0.038082384	0.038082384	0.0059452145	0.0013620894	3499.6409	0.0	-2196.6602	1.3852404	4.4703483e-10	11.903904914855957
15	-171.67714	108.74166	30.683247	-444.78955	88.97727	-77.29537	38.673668	25.707413	-246.98363	64000	0.036670536	0.036670536	0.036795493	-0.0009912384	2928.6077	0.0	-1479.9232	1.3852693	4.1723253e-10	12.603039979934692
16	-171.06964	88.957985	-27.415266	-415.9075	89.09091	-113.017876	38.811993	6.841752	-210.4078	68000	0.05990767	0.05990767	0.04173443	-0.0018259332	2331.2603	0.0	-1242.2112	1.3852929	-3.874302e-10	13.289581537246704
17	-181.47893	105.99028	-8.428539	-552.6417	87.844444	-88.052376	29.0261	-31.55524	-192.37099	72000	0.051177256	0.051177256	0.045378	-0.0017172991	3289.5203	0.0	-1677.1075	1.385181	-1.0728836e-09	13.980753421783447
18	-192.79742	122.1584	33.39157	-488.71365	93.21429	-108.530334	48.854385	-28.297302	-261.37503	76000	0.04936364	0.04936364	1.4072373	-0.003122039	2611.043	0.0	-733.5204	1.3849666	7.748604e-10	14.680773973464966
19	-167.44766	83.55353	-66.94931	-491.4798	90.38636	-91.49673	43.203365	0.7521677	-251.92879	80000	0.061298907	0.061298907	0.33434442	-0.001970291	1772.9218	0.0	-832.988	1.3851315	-6.2584876e-10	15.351153373718262
20	-154.76529	59.67546	-41.353138	-287.3897	95.0	-92.49978	28.856304	-36.955097	-191.36256	84000	0.037957855	0.037957855	0.024382785	-0.0033115728	1175.8625	0.0	-686.26733	1.3850734	-4.4703483e-10	16.063179969787598
21	-151.994	88.44844	-6.74143	-396.05045	89.181816	-80.163216	25.247274	1.733202	-196.68102	88000	0.03144136	0.03144136	0.044133123	-0.00199847	1825.115	0.0	-1087.5815	1.385005	-9.834766e-10	16.76005220413208
22	-168.84874	102.033066	11.906166	-443.093	90.976746	-96.65388	39.46574	-16.984608	-209.50005	92000	0.07090123	0.07090123	0.045525573	-0.00403162	2751.976	0.0	-1450.4949	1.3849525	6.2584876e-10	17.43997311592102
23	-148.3299	81.93052	-12.463611	-381.1486	89.86364	-83.25652	37.889206	19.729836	-219.25029	96000	0.051413245	0.051413245	0.18823846	-0.0022737312	1711.972	0.0	-750.8058	1.3850014	0.0	18.15597367286682
24	-175.46283	113.71269	25.527115	-493.24127	89.954544	-94.451065	38.52755	23.461376	-218.12476	100000	0.040700063	0.040700063	0.0891516	-0.0035908148	2531.561	0.0	-1220.3634	1.3847573	-1.0430813e-09	18.853145599365234
25	-174.03964	94.72785	-7.1378636	-359.1466	93.5	-90.1349	42.40297	-38.994053	-219.62404	104000	0.057483647	0.057483647	0.048010886	-0.0030463866	1981.857	0.0	-826.0454	1.3848149	-4.1723253e-10	19.562074184417725
26	-160.7003	95.59708	5.481724	-428.1416	94.40476	-86.07906	37.83645	-6.1749525	-206.2961	108000	0.03751319	0.03751319	0.013986669	-0.00096130226	2876.53	0.0	-1591.9105	1.3847872	1.8775463e-09	20.245542526245117
27	-185.20497	106.49659	-0.32180852	-596.5809	86.5	-87.16186	40.305244	-9.048043	-215.69482	112000	0.05690246	0.05690246	0.052393846	-0.0018486286	3492.3726	0.0	-1865.9058	1.3847525	-1.4901161e-10	20.94237232208252
28	-154.6015	114.371635	3.5401447	-501.77805	92.441864	-106.34609	40.960415	-20.984379	-281.78354	116000	0.048047718	0.048047718	0.042846993	-0.0014563323	4213.7446	0.0	-2939.8481	1.384616	2.0861626e-10	21.632901668548584
29	-173.13254	86.65285	-53.003586	-374.0123	94.47619	-85.83289	41.35809	41.384876	-225.97086	120000	0.044017147	0.044017147	0.035091028	-0.004682956	2765.9155	0.0	-1805.2904	1.3846234	5.066395e-10	22.312103748321533
30	-156.217	96.35162	9.69019	-464.7519	92.325584	-91.487236	36.43203	-27.484354	-265.5687	124000	0.030268447	0.030268447	0.022384543	-0.0007807362	3549.4973	0.0	-1536.5315	1.3846437	5.9604643e-10	23.019975900650024
31	-149.9382	78.25569	-0.30215344	-343.7624	88.68889	-85.84943	37.60721	-18.33813	-250.83769	128000	0.04380025	0.04380025	0.17586604	-0.00051753165	2999.328	0.0	-1537.1849	1.3847129	-7.4505807e-10	23.71209740638733
32	-143.86221	87.734085	23.044744	-436.34512	86.0	-71.68974	26.468803	-22.995567	-176.27928	132000	0.045460075	0.045460075	0.063062586	-0.0011750937	2036.227	0.0	-1235.2339	1.3847605	2.384186e-10	24.403717517852783
33	-138.63553	93.134125	31.718494	-397.86978	86.78261	-80.904915	26.389893	54.0954	-182.52164	136000	0.027419494	0.027419494	0.03774019	8.396959e-05	2840.5085	0.0	-1044.6816	1.3846887	4.4703483e-10	25.11081075668335
34	-178.43028	100.34969	-63.48064	-454.6589	95.82927	-88.68862	32.83979	-20.274734	-188.85419	140000	0.045967855	0.045967855	0.03508008	-0.003726776	1912.2473	0.0	-891.36096	1.3845892	5.066395e-10	25.85111141204834
35	-136.22083	81.764824	37.0186	-412.54868	87.53333	-84.5293	34.346436	-23.569897	-200.64691	144000	0.0523548	0.0523548	0.06504617	-0.0018391468	2037.0212	0.0	-1186.2853	1.384829	1.013279e-09	26.579949378967285
36	-182.44891	113.75371	25.117634	-503.56418	94.71429	-94.707054	42.01706	-34.444218	-265.53528	148000	0.043025415	0.043025415	0.0326311	-0.0013936255	2185.72	0.0	-1575.0212	1.3845118	0.0	27.29404902458191
37	-189.59248	112.73324	-45.02365	-479.96423	84.085106	-98.95384	51.27026	15.00048	-311.0725	152000	0.04798009	0.04798009	0.029973146	-0.003369224	1755.145	0.0	-1041.18	1.3845011	-9.23872e-10	27.996076583862305
38	-156.33885	99.7294	-3.9391077	-508.39484	92.023254	-97.69118	42.712196	-25.564026	-280.4196	156000	0.03745409	0.03745409	0.32115892	-0.0031954881	2818.7842	0.0	-1549.5304	1.3846524	-5.066395e-10	28.67855930328369
39	-179.27719	89.176796	-19.980951	-435.5172	90.545456	-99.122284	48.181126	-18.094196	-268.54523	160000	0.086579084	0.086579084	0.13102487	-0.003463751	2443.8313	0.0	-1613.9769	1.3845607	8.046627e-10	29.380327939987183
40	-171.15298	106.654144	-3.531632	-455.44708	86.755554	-97.48114	32.280754	9.336786	-219.76198	164000	0.07160825	0.07160825	0.06405857	-0.0037916098	2668.0557	0.0	-1822.2219	1.3843837	-9.536744e-10	30.083807229995728
41	-160.15552	83.53198	-47.328312	-364.41077	87.95556	-89.27061	50.03387	50.91417	-244.42502	168000	0.034357242	0.034357242	0.060913153	-0.0025417083	2706.7847	0.0	-1978.012	1.3844634	2.384186e-10	30.756901741027832
42	-166.02686	109.30611	-38.367626	-609.9306	85.978264	-89.19278	32.30673	-7.5803986	-241.53949	172000	0.040509034	0.040509034	0.03526254	-0.0040568667	2699.8928	0.0	-1490.0583	1.38436	-2.4437905e-09	31.430346250534058
43	-169.60344	91.965416	-27.360205	-469.09668	88.37778	-86.47473	38.44965	33.46872	-305.60684	176000	0.048364952	0.048364952	0.06440799	-0.0060108867	2284.277	0.0	-1005.28687	1.3841339	-1.2516975e-09	32.11805820465088
44	-161.1058	85.87069	-8.569351	-374.01022	92.0	-82.50045	30.45092	-12.203367	-216.54233	180000	0.030023146	0.030023146	0.012780175	-0.002513945	2412.1814	0.0	-1641.6248	1.3841968	-1.2516975e-09	32.80220866203308
45	-189.75896	107.15498	-60.74891	-449.17316	94.166664	-92.577644	37.52223	21.303312	-352.9201	184000	0.056387726	0.056387726	0.022890797	-0.005898198	3187.0798	0.0	-2204.0269	1.3838596	2.0861626e-10	33.48848366737366
46	-156.21146	79.06363	-68.80542	-410.45456	90.36364	-97.82754	40.54434	-7.94405	-282.232	188000	0.04044297	0.04044297	0.080846906	-0.0041033705	1655.9813	0.0	-1256.2086	1.384152	1.0728836e-09	34.208399057388306
47	-140.82417	75.307144	-24.677914	-443.4482	89.34091	-85.63989	36.08564	3.979414	-263.45795	192000	0.04629416	0.04629416	0.020776754	-0.0025183077	1575.0884	0.0	-779.21106	1.38422	1.4901161e-10	34.898526668548584
48	-137.92339	83.01123	3.864758	-417.737	88.63636	-71.529564	30.430437	10.328398	-263.613	196000	0.0470959	0.0470959	0.080842465	-0.0012652745	1947.4445	0.0	-1229.0388	1.3842851	-2.4437905e-09	35.583457708358765
49	-170.9061	79.395355	-32.76208	-318.57602	91.48837	-82.99359	42.465637	0.5218296	-245.48041	200000	0.04987545	0.04987545	0.055755824	-0.0056171697	2086.4146	0.0	-1386.0874	1.3839821	1.5199184e-09	36.27981972694397
