Epoch	AverageEpRet	StdEpRet	MaxEpRet	MinEpRet	EpLen	AverageVVals	StdVVals	MaxVVals	MinVVals	TotalEnvInteracts	StacGradNorm	VanillaGradNorm	ImplicitGradNorm	LossPi	LossV	DeltaLossPi	DeltaLossV	Entropy	KL	Time
0	-494.25	11.37706	-466.0	-500.0	494.5	-0.0684039	0.08029432	0.063992344	-0.27263814	4000	0.028336594	0.028336594	0.0003455613	-0.000109343055	6933.116	0.0	-6597.1167	1.077636	2.861023e-09	1.6360430717468262
1	-488.0	31.749016	-404.0	-500.0	488.125	-80.300995	18.088268	41.243847	-94.20323	8000	0.044159498	0.044159498	0.005424344	0.0010582976	349.30078	0.0	-83.675385	1.0782689	-5.364418e-10	2.2683987617492676
2	-495.375	12.2366	-463.0	-500.0	495.5	-87.74272	13.182669	-18.762901	-97.33645	12000	0.054276258	0.054276258	0.005222803	-0.0071867434	432.0752	0.0	-104.50647	1.0776117	-6.4074995e-10	2.906304121017456
3	-439.55554	61.08484	-319.0	-500.0	440.1111	-79.75646	19.546965	15.913099	-97.68596	16000	0.06770468	0.06770468	0.006156288	-0.004729775	414.9457	0.0	-92.42435	1.0770059	-1.0281801e-09	3.5498340129852295
4	-477.625	59.198685	-321.0	-500.0	477.75	-76.17283	16.09942	-11.998899	-95.29835	20000	0.045047764	0.045047764	0.0064782677	-0.0050849584	470.24686	0.0	-118.59424	1.0769162	-7.599592e-10	4.196813583374023
5	-499.625	0.99215674	-497.0	-500.0	499.75	-74.67589	15.641615	-24.427734	-95.82338	24000	0.074917994	0.074917994	0.008355868	-0.00019215966	408.92258	0.0	-96.18173	1.0749291	-2.2351741e-10	4.855902671813965
6	-477.5	39.0	-407.0	-500.0	477.75	-84.05159	12.707761	-31.208412	-98.85962	28000	0.06949719	0.06949719	0.009454056	-0.0039223707	326.6479	0.0	-116.229416	1.0752187	-1.4901161e-10	5.487032651901245
7	-473.625	34.981915	-413.0	-500.0	474.0	-83.45846	17.443764	-10.599682	-98.193756	32000	0.09030189	0.09030189	0.011807396	-0.0134043135	210.83762	0.0	-68.21344	1.0746255	1.7881394e-10	6.110164403915405
8	-445.0	46.89616	-375.0	-500.0	445.625	-81.74067	21.320293	-5.544802	-97.05451	36000	0.07734267	0.07734267	0.0073898644	-0.008143862	329.88873	0.0	-80.628204	1.0732133	-1.6838312e-09	6.747920036315918
9	-454.0	38.861935	-390.0	-500.0	454.75	-73.327	21.142355	5.476346	-94.70355	40000	0.1258545	0.1258545	0.012529817	-0.008692396	193.52283	0.0	-78.47752	1.0701388	3.5762787e-10	7.373654365539551
10	-418.77777	76.835724	-311.0	-500.0	419.33334	-74.71329	25.832865	16.628826	-98.066216	44000	0.101386264	0.101386264	0.014257348	-0.0069156177	202.57884	0.0	-84.800575	1.0689578	7.4505804e-11	8.016023874282837
11	-370.9	100.04144	-214.0	-500.0	371.6	-82.03909	18.998295	-7.812041	-97.06848	48000	0.09201786	0.09201786	0.010647986	-0.0015336613	257.91196	0.0	-118.99388	1.0666136	-5.811453e-10	8.654256343841553
12	-398.8	80.26182	-305.0	-500.0	399.5	-76.2664	24.664194	6.403018	-95.46294	52000	0.10895763	0.10895763	0.0115043195	-0.014381984	163.99242	0.0	-59.611374	1.0648303	9.536744e-10	9.300405740737915
13	-398.2	85.95673	-195.0	-500.0	399.0	-72.166954	22.570082	0.20267487	-95.63303	56000	0.17577846	0.17577846	0.01960648	-0.017138407	238.02931	0.0	-60.55786	1.0593208	-1.9222497e-09	9.936851024627686
14	-342.54544	78.24596	-252.0	-480.0	343.54544	-70.6945	25.24436	19.482435	-96.452965	60000	0.102168635	0.102168635	0.015247802	-0.011680202	199.58458	0.0	-69.291626	1.0569	2.4586917e-09	10.580227136611938
15	-383.5	88.82708	-249.0	-500.0	384.3	-73.23347	23.285656	-5.8261895	-95.177284	64000	0.11063508	0.11063508	0.04189618	-0.0017211173	296.85962	0.0	-105.64572	1.052576	-7.0035455e-10	11.233957767486572
16	-345.81818	111.21545	-172.0	-500.0	346.63635	-80.01572	19.10475	-4.71401	-98.20241	68000	0.15444273	0.15444273	0.022079265	-0.030826604	273.2555	0.0	-90.08327	1.0492723	-1.9818545e-09	11.871827125549316
17	-352.63635	75.960846	-213.0	-500.0	353.54544	-74.88392	21.37425	7.0794816	-95.24263	72000	0.14662108	0.14662108	0.022432894	-0.03462189	214.90532	0.0	-46.63617	1.0432827	1.7881393e-09	12.509536504745483
18	-339.0909	125.1773	-177.0	-500.0	339.9091	-69.80187	24.58407	21.221476	-96.160164	76000	0.0831001	0.0831001	0.023195587	-0.005808823	348.00848	0.0	-95.800354	1.0439726	-1.3411044e-10	13.143205642700195
19	-282.53845	59.30445	-200.0	-391.0	283.53845	-74.34513	19.711832	1.9336123	-95.09923	80000	0.08258328	0.08258328	0.015045376	-0.030611806	244.67134	0.0	-98.38153	1.0372134	2.2947788e-09	13.778711318969727
20	-276.57144	63.903625	-187.0	-409.0	277.57144	-71.05116	20.490723	4.4496374	-92.49846	84000	0.16292048	0.16292048	0.052662462	-0.045520093	230.4389	0.0	-106.34735	1.0355136	-1.0430813e-10	14.422237634658813
21	-293.69232	59.33527	-206.0	-411.0	294.69232	-66.10747	23.862354	10.124131	-91.89528	88000	0.11147849	0.11147849	0.011831341	-0.038617074	142.84639	0.0	-53.78901	1.0314437	1.8626451e-09	15.066971063613892
22	-248.5	45.122055	-201.0	-344.0	249.5	-68.977	23.019781	0.6093955	-92.02903	92000	0.11304471	0.11304471	0.015932215	-0.032803755	234.73131	0.0	-79.15115	1.0264992	-6.556511e-10	15.708789587020874
23	-253.13333	108.202194	-130.0	-500.0	254.0	-61.35265	24.638803	2.8524976	-88.39394	96000	0.112621	0.112621	0.01834084	-0.036760446	588.7875	0.0	-274.8405	1.0212362	4.917383e-10	16.355685710906982
24	-245.0625	53.488865	-185.0	-373.0	246.0625	-62.253147	21.969624	5.4071555	-89.35872	100000	0.071631275	0.071631275	0.023218803	-0.020603683	267.44482	0.0	-91.49992	1.0140644	1.8924475e-09	16.988770246505737
25	-255.6	83.61802	-164.0	-500.0	256.53333	-64.20381	20.052715	1.0782776	-90.14192	104000	0.09536418	0.09536418	0.03182608	-0.028332377	285.35687	0.0	-66.635574	1.0037212	1.1175871e-09	17.631023168563843
26	-240.9375	54.0098	-164.0	-396.0	241.9375	-63.99728	23.558918	15.694414	-90.768265	108000	0.10888107	0.10888107	0.0155658135	-0.047215782	174.50941	0.0	-69.01571	1.0136464	1.3709068e-09	18.272319316864014
27	-208.5	43.935875	-124.0	-314.0	209.5	-68.11	20.100655	0.35455656	-90.41473	112000	0.12532865	0.12532865	0.018097369	-0.05617725	185.68854	0.0	-121.9347	1.0075109	-1.6987324e-09	18.9351749420166
28	-225.52942	51.877815	-174.0	-407.0	226.52942	-57.014454	26.229307	8.663898	-86.54199	116000	0.091702834	0.091702834	0.012321292	-0.005361985	304.7688	0.0	-128.61609	0.9993971	-7.599592e-10	19.57425332069397
29	-219.0	33.814857	-162.0	-289.0	220.0	-62.426495	20.931368	1.0140657	-87.59325	120000	0.15336151	0.15336151	0.028866006	-0.060158294	150.19235	0.0	-44.895065	1.0008806	-4.4703484e-11	20.233407974243164
30	-215.83333	53.166664	-120.0	-303.0	216.83333	-60.41337	22.241219	1.2900896	-86.18147	124000	0.1466456	0.1466456	0.027517378	-0.049149655	136.48558	0.0	-18.514519	0.9930631	-9.834766e-10	20.89187479019165
31	-223.58824	88.124954	-121.0	-500.0	224.52942	-55.47793	25.789522	2.1917267	-87.40077	128000	0.09089584	0.09089584	0.013702019	-0.008199493	497.3927	0.0	-246.3994	0.97755843	-8.046627e-10	21.534070014953613
32	-203.94737	81.4096	-135.0	-500.0	204.89473	-60.94482	20.880733	4.329498	-88.72649	132000	0.09581134	0.09581134	0.025686143	-0.031147243	379.00806	0.0	-128.60796	0.96034396	-1.2069941e-09	22.16862177848816
33	-219.22223	77.6363	-128.0	-452.0	220.22223	-58.533657	20.416563	8.077501	-83.55921	136000	0.048146516	0.048146516	0.01996777	-0.03248438	467.99738	0.0	-262.8308	0.96502125	-1.3411044e-10	22.800162315368652
34	-170.36363	26.273985	-109.0	-216.0	171.36363	-60.313835	21.259537	1.3416529	-87.02688	140000	0.071966425	0.071966425	0.024881812	-0.028191956	190.36809	0.0	-106.80527	0.9730768	-7.301569e-10	23.433526754379272
35	-179.18182	23.532639	-132.0	-220.0	180.18182	-52.70938	22.516096	12.417849	-81.786385	144000	0.14990255	0.14990255	0.044845004	-0.047864314	91.09572	0.0	-19.693626	0.9693948	1.4901161e-10	24.07621192932129
36	-201.57895	84.40897	-132.0	-500.0	202.52632	-47.2556	25.19489	4.896996	-81.19321	148000	0.078857586	0.078857586	0.023136038	0.030577319	645.536	0.0	-400.2428	0.93326116	-2.2649764e-09	24.718592882156372
37	-167.43478	49.816032	-121.0	-339.0	168.43478	-62.207108	19.802795	3.204947	-84.9752	152000	0.054889936	0.054889936	0.012773067	-0.045671023	313.71878	0.0	-152.90573	0.94823086	9.23872e-10	25.36701989173889
38	-174.63637	27.847874	-115.0	-230.0	175.63637	-53.581394	21.777557	14.851017	-81.156784	156000	0.12806872	0.12806872	0.035738908	-0.059509795	106.471405	0.0	-27.981033	0.9589143	-2.0861626e-10	25.998509645462036
39	-185.2381	62.939808	-119.0	-438.0	186.2381	-50.669975	22.285229	3.0454874	-80.63597	160000	0.10938727	0.10938727	0.031236645	-0.017223045	317.5939	0.0	-138.82825	0.93752444	-2.1755695e-09	26.650336980819702
40	-177.5238	81.99281	-114.0	-500.0	178.4762	-54.046417	22.352594	-0.50021887	-84.53368	164000	0.0888562	0.0888562	0.025562096	-0.014896037	531.72156	0.0	-225.50299	0.9357272	-9.685754e-10	27.311788082122803
41	-176.31818	25.250359	-136.0	-224.0	177.31818	-54.16728	21.026217	2.304884	-80.23555	168000	0.0730604	0.0730604	0.019999547	-0.029573023	176.99892	0.0	-99.57158	0.9374305	1.937151e-10	27.94132661819458
42	-156.44	23.824492	-114.0	-215.0	157.44	-53.289516	21.05505	14.667574	-80.41996	172000	0.13589591	0.13589591	0.035850212	-0.063467234	88.553116	0.0	-25.112396	0.93510985	2.5331975e-10	28.57430076599121
43	-146.0	24.744852	-100.0	-224.0	147.0	-49.852978	21.945295	13.88905	-79.06362	176000	0.13474703	0.13474703	0.04001816	-0.043914843	117.24839	0.0	-28.048737	0.9260685	-1.4901161e-10	29.203547954559326
44	-155.08	29.752203	-88.0	-233.0	156.08	-47.638172	21.173061	12.480877	-75.73035	180000	0.104918964	0.104918964	0.023838619	-0.038544636	82.42478	0.0	-22.67517	0.9159802	9.23872e-10	29.841464519500732
45	-151.11539	20.699919	-105.0	-192.0	152.11539	-50.57875	21.047888	7.153717	-79.15746	184000	0.14690538	0.14690538	0.041176245	-0.06461554	84.56248	0.0	-16.673523	0.91948074	-5.364418e-10	30.478877544403076
46	-156.68	49.93413	-99.0	-355.0	157.68	-49.67758	21.76508	5.6018176	-78.116486	188000	0.072569	0.072569	0.02445885	-0.005365154	300.09076	0.0	-114.150925	0.89996773	2.69711e-09	31.14197015762329
47	-147.96153	51.553917	-95.0	-367.0	148.96153	-49.865242	19.614073	5.567315	-76.23457	192000	0.10833865	0.10833865	0.04154751	-0.047026053	256.31537	0.0	-71.59444	0.9043829	-4.4703483e-10	31.770966291427612
48	-146.76923	25.466885	-94.0	-197.0	147.76923	-49.783478	21.634357	4.866603	-79.99036	196000	0.14054978	0.14054978	0.036330156	-0.050504226	94.55829	0.0	-23.101463	0.8991638	-6.2584876e-10	32.42410755157471
49	-145.44444	49.596397	-102.0	-374.0	146.44444	-47.466656	20.284761	3.815885	-76.74643	200000	0.10644932	0.10644932	0.02432353	-0.033329505	227.00937	0.0	-63.293045	0.8869657	2.2351741e-10	33.069578886032104
