Epoch	AverageEpRet	StdEpRet	MaxEpRet	MinEpRet	EpLen	AverageVVals	StdVVals	MaxVVals	MinVVals	TotalEnvInteracts	StacGradNorm	VanillaGradNorm	ImplicitGradNorm	LossPi	LossV	DeltaLossPi	DeltaLossV	Entropy	KL	Time
0	-254.78928	126.424515	-28.917707	-592.2322	87.51111	-0.09018226	0.031542722	0.043902576	-0.25796872	4000	0.08726755	0.08726755	0.0022610018	0.020454722	24609.51	0.0	-19540.934	1.3495897	1.0728836e-09	1.6037719249725342
1	-207.32335	126.716866	21.036121	-572.08496	85.934784	-139.92722	4.181834	123.92639	-140.00133	8000	0.0431594	0.0431594	0.04313058	0.008915416	5361.7373	0.0	-543.7373	1.3522637	2.682209e-10	2.290236473083496
2	-225.81355	134.99153	-78.112366	-711.6102	84.65958	-116.96881	0.0024659482	-116.83501	-116.971664	12000	0.05640405	0.05640405	0.05639171	0.012992851	5653.532	0.0	-228.94873	1.3524122	3.874302e-10	2.9637410640716553
3	-253.66457	114.82842	-79.92268	-508.5629	88.64445	-132.06145	0.9410147	-89.70365	-132.0981	16000	0.07504807	0.07504807	0.07505161	0.014936881	3844.5662	0.0	-1795.7366	1.3534268	1.3411046e-09	3.670933246612549
4	-210.43611	114.86974	-6.757748	-596.69086	83.510635	-145.78117	42.99703	-43.012497	-207.75774	20000	0.1079249	0.1079249	0.13181214	0.01625508	2767.6033	0.0	-1187.7523	1.3552783	3.2782554e-10	4.337630987167358
5	-197.58347	107.28439	-36.813778	-517.9268	85.04256	-132.98721	51.945755	-62.689484	-215.59406	24000	0.14788236	0.14788236	0.1189984	0.022689512	2287.1404	0.0	-1187.8605	1.356528	-1.013279e-09	5.016284227371216
6	-176.65898	104.88134	4.796057	-457.3426	83.083336	-103.446434	36.309856	-61.712814	-239.64095	28000	0.12952353	0.12952353	0.11412221	0.020229828	1814.7125	0.0	20.22705	1.3587835	1.013279e-09	5.686703205108643
7	-218.96382	103.31833	-61.20601	-428.97296	91.674416	-127.04198	43.91589	100.357796	-231.97404	32000	0.10533984	0.10533984	0.10768513	0.009360091	2139.356	0.0	-848.05347	1.3613224	-8.642673e-10	6.349946022033691
8	-190.578	123.181465	30.038729	-437.5297	84.97872	-122.871376	48.684837	-71.77668	-245.01541	36000	0.093671225	0.093671225	0.0990094	0.010033987	2775.2134	0.0	-757.2754	1.3621911	-9.834766e-10	7.022251129150391
9	-211.05742	126.35266	10.03372	-478.17328	90.75	-113.74017	57.58586	-50.83654	-242.6312	40000	0.097766764	0.097766764	0.09205413	0.013714974	2581.198	0.0	-272.01465	1.3632523	1.4901161e-10	7.699499845504761
10	-231.85098	120.1919	-63.761204	-538.00903	88.4	-135.75381	53.11244	-70.84319	-258.57886	44000	0.09073157	0.09073157	0.03224521	0.008620934	2042.3085	0.0	-979.18445	1.3645035	-2.0563602e-09	8.436551809310913
11	-195.53561	111.53155	17.505924	-518.37054	91.5814	-115.210144	41.434845	-68.052444	-272.9593	48000	0.08490227	0.08490227	0.067030475	0.010666074	3954.627	0.0	-585.54956	1.365305	6.556511e-10	9.116639614105225
12	-191.1013	113.20042	-58.220936	-542.8632	89.0	-105.75042	29.114418	-81.15539	-279.05176	52000	0.09555261	0.09555261	0.08609832	0.011798413	2187.6538	0.0	-832.9656	1.3670946	1.5199184e-09	9.848743915557861
13	-190.98257	102.257744	8.209213	-519.2085	90.704544	-102.386055	41.790466	-40.873344	-295.01096	56000	0.11141919	0.11141919	0.36900058	0.008380369	2148.359	0.0	-597.3058	1.3676378	2.026558e-09	10.546170473098755
14	-176.7108	111.71988	-16.642553	-407.48672	88.52273	-105.149734	40.8224	-59.426956	-272.58533	60000	0.09584056	0.09584056	0.08512321	0.0065405634	2051.8027	0.0	-413.59692	1.3684976	4.4703483e-10	11.246119737625122
15	-192.30797	98.59157	25.09881	-434.9041	88.31111	-113.41305	44.914417	-58.161034	-307.45258	64000	0.10634166	0.10634166	0.08957392	0.008004632	1965.6807	0.0	-804.15625	1.3696023	1.7881394e-10	11.953150033950806
16	-173.53447	104.63473	-3.0017447	-421.8343	88.82222	-108.49705	36.672276	-52.656094	-322.87888	68000	0.07858454	0.07858454	0.07249653	0.00021189605	2815.6145	0.0	-860.4818	1.3704296	-6.556511e-10	12.647879362106323
17	-152.19075	112.844955	21.462997	-426.44235	85.82609	-92.20885	37.395008	-54.58502	-216.32814	72000	0.0490904	0.0490904	0.047767654	-0.002927505	3104.2913	0.0	-955.8657	1.370676	1.3709068e-09	13.322485208511353
18	-163.40225	87.87436	-36.712437	-427.93854	83.14893	-84.83044	49.470997	-49.73609	-282.03552	76000	0.078223385	0.078223385	0.022018114	0.0012730298	2926.062	0.0	-1521.5656	1.3709283	-6.556511e-10	14.002273082733154
19	-160.68211	104.05152	-5.3932137	-417.3556	85.82609	-75.73263	26.279118	-51.81	-277.0332	80000	0.07577997	0.07577997	0.103632696	0.0014374356	2489.9058	0.0	-967.65735	1.3705226	6.2584876e-10	14.666366577148438
20	-169.77937	102.67491	-1.1677585	-431.1089	93.309525	-103.9056	43.379192	-52.680683	-241.86284	84000	0.057005942	0.057005942	0.039919898	-0.0011749726	2998.1392	0.0	-1018.4352	1.371195	-1.7881394e-10	15.346919536590576
21	-156.13489	88.18921	24.569088	-355.0286	87.51111	-87.42171	30.737385	-56.506714	-229.4764	88000	0.049837388	0.049837388	0.04689767	-0.0008065796	1772.259	0.0	-655.38196	1.3714268	6.2584876e-10	16.03386425971985
22	-161.10873	98.38282	-26.89975	-564.101	84.934784	-94.747345	38.270325	-55.93317	-230.85349	92000	0.07167618	0.07167618	0.067458846	-0.0002210995	2116.213	0.0	-700.1133	1.3720449	1.6689301e-09	16.720924854278564
23	-163.28448	99.612465	-11.066811	-440.30795	86.58696	-88.80136	40.994072	-34.99688	-263.77252	96000	0.06746159	0.06746159	0.06950727	-0.0033007483	2271.5254	0.0	-774.9922	1.3712219	5.364418e-10	17.409993886947632
24	-139.87506	53.519173	-12.843073	-272.4272	86.37778	-77.36136	29.760817	-28.928047	-274.41074	100000	0.0991118	0.0991118	0.098945454	0.0031509881	1363.7892	0.0	-700.36285	1.3720828	-6.2584876e-10	18.102094173431396
25	-163.73624	83.312225	-47.02323	-434.43146	90.72727	-81.60514	22.540476	-47.450577	-215.44336	104000	0.07983033	0.07983033	0.06776024	-0.0011769845	1360.063	0.0	-659.5797	1.372797	1.4603138e-09	18.79208755493164
26	-185.01561	99.98402	-35.249702	-434.44333	88.37778	-91.852875	33.93194	-45.26327	-251.20358	108000	0.054331228	0.054331228	0.05100881	-0.0020716079	1951.103	0.0	-926.1437	1.372408	-6.854534e-10	19.479092359542847
27	-164.24013	70.14801	5.685958	-341.59378	90.045456	-85.97327	32.9649	-33.305763	-194.87865	112000	0.04556556	0.04556556	0.09126111	-0.0020394912	1579.3407	0.0	-655.1029	1.3724619	1.4007091e-09	20.143290042877197
28	-161.75577	107.17623	17.927925	-419.94843	88.37778	-95.58352	32.64635	-52.46923	-205.58699	116000	0.054971423	0.054971423	0.0498445	-0.0040974244	2292.763	0.0	-949.81335	1.3735163	-1.1026859e-09	20.82882857322693
29	-154.89769	96.11003	12.672326	-361.4753	92.23256	-91.96017	42.642914	-49.731995	-240.82918	120000	0.07085859	0.07085859	0.058606524	-0.0019229851	1668.8075	0.0	-516.33374	1.3727185	-1.1026859e-09	21.521798133850098
30	-138.08078	73.599625	-10.0828905	-378.37192	83.510635	-70.75207	33.447124	-27.906498	-282.0405	124000	0.08157752	0.08157752	0.06135766	0.00090580725	1430.3798	0.0	-557.8721	1.3742706	-4.4703483e-10	22.25111150741577
31	-140.42224	77.737976	46.00725	-459.6903	88.6	-77.18206	27.88393	-34.843964	-193.40462	128000	0.045787465	0.045787465	0.051755413	-0.0033175538	1752.5117	0.0	-748.3391	1.3742895	-7.4505807e-10	22.946032762527466
32	-147.05823	83.22472	86.82599	-374.9	108.08108	-69.71735	33.666214	35.642754	-189.10147	132000	0.03987346	0.03987346	0.02978844	-0.0027814694	2090.6553	0.0	-854.7019	1.3744113	-6.556511e-10	23.815409898757935
33	-158.52032	102.68639	38.884373	-385.44608	89.47727	-80.1728	31.196941	-10.88988	-270.58713	136000	0.049221464	0.049221464	0.10627163	-0.0032600723	2468.2432	0.0	-801.7384	1.3742942	8.046627e-10	24.538676261901855
34	-167.82138	103.365974	30.1984	-462.87064	93.35714	-86.58158	36.85437	-21.685295	-241.43973	140000	0.053385828	0.053385828	0.053696457	-0.0037959996	2499.4587	0.0	-974.87854	1.3736185	1.7881394e-10	25.23297619819641
35	-190.16864	102.626625	-16.569073	-482.707	89.97727	-85.44913	39.432167	-43.24825	-210.50307	144000	0.06720912	0.06720912	0.06667143	-0.008832392	3017.9014	0.0	-1131.4856	1.3737087	2.0861626e-10	25.912112951278687
36	-137.25348	97.88574	40.380833	-500.57376	90.75	-81.06943	33.431293	-15.884314	-244.9978	148000	0.039292626	0.039292626	0.02806061	-0.003761199	3335.8606	0.0	-1882.5204	1.3733071	-1.0728836e-09	26.58872413635254
37	-167.64183	87.36373	32.084236	-401.0406	87.2	-76.30148	31.545172	-35.356354	-297.4607	152000	0.046464853	0.046464853	0.044388507	-0.0032157814	2013.2188	0.0	-1097.9807	1.3732233	5.9604643e-10	27.276533126831055
38	-174.90393	99.090034	-55.84043	-509.97852	91.34884	-93.77041	27.945532	-52.895947	-258.31378	156000	0.04649099	0.04649099	0.011361015	-0.005017383	2087.953	0.0	-947.86646	1.3732426	-7.4505807e-10	27.963322639465332
39	-174.04405	91.18177	-4.5158343	-468.205	92.93023	-87.766174	30.784431	-48.485603	-256.67447	160000	0.049940776	0.049940776	0.04172156	-0.008903585	1586.1483	0.0	-721.0425	1.3720915	-1.6391277e-09	28.656595706939697
40	-160.19066	89.1493	54.786587	-428.37137	87.26667	-83.727264	28.016188	-42.539436	-203.2961	164000	0.05231152	0.05231152	0.051422562	-0.007858194	1786.2556	0.0	-574.66455	1.3727605	7.1525574e-10	29.338232040405273
41	-173.59242	113.20418	-40.832977	-545.58746	89.318184	-85.09303	33.06139	-43.396362	-245.1909	168000	0.03917224	0.03917224	0.04007112	-0.0054915706	3318.7832	0.0	-1203.669	1.3717852	1.9371509e-09	30.0059757232666
42	-139.47983	93.00059	32.07335	-383.9713	88.888885	-90.59886	30.0271	-62.27989	-304.30713	172000	0.03996854	0.03996854	0.039216973	-0.0027248964	2183.259	0.0	-729.6312	1.3721236	-2.9802322e-10	30.694401502609253
43	-145.91318	79.99458	42.862804	-328.64954	88.62222	-77.15296	29.391285	-29.150715	-243.6323	176000	0.042143863	0.042143863	0.04182548	3.712559e-05	1840.05	0.0	-595.24207	1.3722252	-1.5497208e-09	31.387877464294434
44	-158.84752	79.53697	-28.910511	-399.63205	88.681816	-79.03265	32.30003	-41.70067	-182.18457	180000	0.043183167	0.043183167	0.041116916	-0.007310937	1605.9928	0.0	-608.839	1.3724006	1.7881394e-10	32.08386731147766
45	-151.08113	84.82964	32.250465	-419.75906	95.14286	-88.72677	30.566832	-12.910729	-164.02118	184000	0.044660322	0.044660322	0.038544763	-0.0064935363	1888.8752	0.0	-791.64905	1.3718793	7.4505807e-10	32.77696371078491
46	-144.24004	84.027145	-43.806118	-430.24896	86.108696	-67.80491	26.23918	-37.786034	-195.18456	188000	0.035013016	0.035013016	0.13393138	-0.0026058045	2124.2537	0.0	-501.8203	1.3724232	-1.1026859e-09	33.46554899215698
47	-165.11636	74.0434	-72.866554	-396.54242	86.521736	-84.470985	28.005136	-22.568989	-201.32547	192000	0.078363925	0.078363925	0.073441975	-0.0038827404	1349.7273	0.0	-458.7973	1.3724465	1.013279e-09	34.14154005050659
48	-145.02676	71.91237	6.302764	-335.72717	87.0	-84.94349	32.18855	-41.730083	-194.35417	196000	0.07643328	0.07643328	0.06609965	-0.008120999	1508.8528	0.0	-559.8833	1.3725098	-1.7881394e-10	34.825910806655884
49	-166.11342	81.8859	-50.615444	-372.56152	89.795456	-84.24078	28.568466	-37.88759	-159.66223	200000	0.057598516	0.057598516	0.05236983	-0.0022821561	1296.0587	0.0	-481.1042	1.3719424	1.3709068e-09	35.51665759086609
