Epoch	AverageEpRet	StdEpRet	MaxEpRet	MinEpRet	EpLen	AverageVVals	StdVVals	MaxVVals	MinVVals	TotalEnvInteracts	StacGradNorm	VanillaGradNorm	ImplicitGradNorm	LossPi	LossV	DeltaLossPi	DeltaLossV	Entropy	KL	Time
0	-208.96033	150.3772	5.7723236	-604.7622	94.14286	-0.18401767	0.033696573	0.1719177	-0.37338266	4000	0.06513602	0.06513602	0.023734178	0.0061119585	19205.402	0.0	-15737.479	1.3781283	8.046627e-10	1.6070144176483154
1	-245.47198	149.37306	-24.897104	-579.5951	96.29269	-98.365654	45.738365	66.385666	-188.31583	8000	0.06903786	0.06903786	0.064333	0.0022485661	6681.128	0.0	-1432.8447	1.3784716	-8.940697e-11	2.3221542835235596
2	-189.78572	114.64381	-29.322714	-473.1207	101.64103	-124.86208	34.03318	-86.107994	-247.6012	12000	0.036402762	0.036402762	0.036932364	-0.0003152628	3591.1077	0.0	-1099.2876	1.3795749	-4.1723253e-10	3.007856845855713
3	-160.45863	104.79328	-16.10451	-492.4934	97.15	-100.61315	38.04943	-63.411697	-237.58539	16000	0.05787629	0.05787629	0.06391141	0.0039923615	3034.6003	0.0	-723.9839	1.3794997	-5.066395e-10	3.721935272216797
4	-180.33783	114.39965	17.860136	-438.54294	96.36585	-91.42201	35.365242	-50.069656	-200.93938	20000	0.04804572	0.04804572	0.003684991	0.00028872525	2005.385	0.0	-612.68933	1.3796664	-1.4901161e-10	4.404916048049927
5	-214.79611	105.77199	-65.9887	-429.64346	93.57143	-104.418564	36.145603	-35.73311	-216.57196	24000	0.06201941	0.06201941	0.08922656	0.0018351448	2060.183	0.0	-1123.0116	1.379551	1.192093e-10	5.11590313911438
6	-170.76508	92.577896	-33.214783	-432.1862	95.68293	-111.62094	34.817966	-69.09573	-211.14845	28000	0.05639119	0.05639119	0.049329955	0.0027034984	2491.903	0.0	-1210.2373	1.379665	-1.6391277e-09	5.832282304763794
7	-194.145	105.766335	-55.892277	-414.69003	94.02381	-103.96748	46.844864	-50.61018	-203.9255	32000	0.109270014	0.109270014	0.09649803	0.005481985	1263.9445	0.0	-548.49945	1.3797839	8.642673e-10	6.515244483947754
8	-201.34335	136.02312	40.102127	-524.5694	93.7381	-123.287544	48.737038	-42.7094	-231.34102	36000	0.07494983	0.07494983	0.07325932	0.0037874684	3438.4727	0.0	-1417.1754	1.3799415	8.3446505e-10	7.237631559371948
9	-164.03069	100.2256	-0.08918541	-404.72186	101.28205	-92.01046	45.028	-46.459362	-234.30098	40000	0.052798815	0.052798815	0.021543173	0.0018966468	2716.0935	0.0	-1350.4437	1.3807976	9.536744e-10	7.978488445281982
10	-230.61583	128.71324	-20.570543	-508.18134	97.36585	-94.52472	42.524754	13.562609	-229.6557	44000	0.055839628	0.055839628	0.063205555	0.0030252652	3041.0754	0.0	-1327.6472	1.3808225	1.2218953e-09	8.667962789535522
11	-177.5428	101.1681	-22.850769	-430.64636	88.46667	-90.160095	41.862373	-39.873695	-250.59377	48000	0.050163712	0.050163712	0.046998836	-0.002072904	1427.69	0.0	-611.3536	1.3815774	-5.960465e-11	9.364042043685913
12	-184.62463	92.27682	-45.15462	-423.3254	94.90476	-103.36905	39.01719	-36.741203	-213.90973	52000	0.04069645	0.04069645	0.01500242	0.0005354581	1798.9022	0.0	-803.4454	1.3814211	-1.1920929e-09	10.049989461898804
13	-172.88773	122.93574	1.3366007	-493.11917	94.309525	-95.21781	40.1909	-6.312311	-235.82976	56000	0.06894189	0.06894189	0.03474716	0.001930054	3046.0342	0.0	-1392.2206	1.3811737	-1.0430813e-09	10.740186214447021
14	-210.0796	116.08333	29.038076	-457.15677	102.28205	-96.34774	45.189384	5.222849	-250.31828	60000	0.04647635	0.04647635	0.036998536	-0.0014470501	2564.637	0.0	-1337.2148	1.38214	-9.23872e-10	11.425981044769287
15	-180.99858	110.724106	-1.328958	-432.3616	97.825	-95.15855	40.27837	-44.236996	-228.27434	64000	0.05201791	0.05201791	0.050564412	0.0017945152	1985.1433	0.0	-732.1987	1.3823917	1.7881394e-10	12.146206378936768
16	-187.1408	107.746056	-26.022554	-460.55856	101.61539	-100.77713	38.439735	-30.98175	-217.36469	68000	0.041180775	0.041180775	0.033826586	-0.00097052	2197.9167	0.0	-895.57214	1.3823899	-5.9604643e-10	12.840258836746216
17	-165.67908	103.92236	31.122435	-453.8756	104.0	-87.38763	41.068645	-45.212303	-226.551	72000	0.062017918	0.062017918	0.055877805	0.0003016801	2849.6294	0.0	-1232.2761	1.3821768	1.1920929e-09	13.549737215042114
18	-203.83562	118.82572	24.2484	-462.39883	102.02564	-96.69184	47.013443	-35.53466	-226.52243	76000	0.07029007	0.07029007	0.061859734	0.0021638242	3113.3381	0.0	-1461.2694	1.3821809	2.6226044e-09	14.24490737915039
19	-179.40742	121.21525	30.815504	-513.79065	95.68293	-92.34287	40.8629	-25.093025	-242.79198	80000	0.051204	0.051204	0.047699098	-0.00018696928	2996.654	0.0	-1918.6873	1.3825376	-2.682209e-10	14.974388837814331
20	-211.40268	114.98914	-46.857136	-445.18448	99.225	-107.64494	44.826244	-40.713287	-253.75792	84000	0.060542207	0.060542207	0.057352036	-0.001073158	2392.0657	0.0	-1298.2485	1.3829172	-1.7881394e-10	15.698924779891968
21	-164.68047	98.64556	19.14296	-404.3054	91.34884	-99.83131	42.109463	-45.648903	-210.85704	88000	0.040135805	0.040135805	0.042442143	-0.0016989093	1524.2985	0.0	-552.1971	1.3828824	-1.0430813e-09	16.424211263656616
22	-180.09807	89.200066	-46.385853	-385.98975	95.29269	-97.8237	45.68066	-22.821291	-244.04623	92000	0.07177755	0.07177755	0.06905549	-0.0003584559	1814.3167	0.0	-884.3099	1.3827951	-3.2782554e-10	17.115501642227173
23	-155.93903	107.640526	11.594827	-471.9026	90.84091	-90.30789	35.316483	-16.87104	-196.89854	96000	0.028249305	0.028249305	0.015427013	-0.0027931721	3197.1494	0.0	-1111.8545	1.3829286	1.4901161e-10	17.822453022003174
24	-191.9368	125.36668	-52.535824	-580.08405	98.2	-67.041916	41.43037	6.033163	-202.68347	100000	0.035788417	0.035788417	0.0035620346	0.0014418059	4048.446	0.0	-3015.276	1.3831093	4.768372e-10	18.539550065994263
25	-187.4728	129.66731	4.5923953	-485.5822	95.0	-101.402176	35.105484	-44.306793	-251.99564	104000	0.026555741	0.026555741	0.028770389	-0.002710989	4392.962	0.0	-2270.0903	1.38326	-1.1026859e-09	19.224817752838135
26	-182.15125	101.88223	-40.561893	-398.82098	94.2381	-91.43276	47.718346	-22.997034	-303.46402	108000	0.035434525	0.035434525	0.00498451	-0.002480425	2949.9456	0.0	-2059.336	1.382833	-1.4901161e-10	19.905948877334595
27	-150.45337	96.66486	28.32502	-417.6466	95.82927	-91.06265	38.538033	-22.841156	-250.21991	112000	0.04064399	0.04064399	0.031781215	-0.0029714012	2383.1772	0.0	-1033.8643	1.382983	-1.3411046e-09	20.605222463607788
28	-208.28143	110.791595	-55.20434	-442.79684	100.35897	-97.29989	47.140507	-23.858196	-218.51964	116000	0.07269227	0.07269227	0.047744446	-0.0014827211	2646.17	0.0	-1363.8796	1.3827608	-2.384186e-10	21.34588098526001
29	-177.85536	105.7085	-46.294636	-515.37476	92.790695	-98.433205	37.162224	-28.688902	-224.18181	120000	0.04439647	0.04439647	0.031451494	-0.00091463997	1719.8185	0.0	-852.3365	1.3833911	5.364418e-10	22.0306077003479
30	-183.29904	97.3522	-10.385112	-393.56183	98.725	-105.35519	40.374077	-35.415817	-298.152	124000	0.041100398	0.041100398	1.5348943	-0.0036043308	2591.1013	0.0	-1366.8517	1.3831375	1.1324882e-09	22.726197004318237
31	-186.6259	121.15443	8.246262	-631.4031	92.90476	-103.1448	36.420574	-12.402879	-244.86537	128000	0.04667941	0.04667941	0.027408442	-0.0018101416	3257.7253	0.0	-1823.4716	1.3830788	8.940697e-11	23.416854858398438
32	-152.73875	93.12791	5.666308	-423.36465	94.07143	-94.97475	52.61462	10.237287	-317.2763	132000	0.067562066	0.067562066	0.036124825	-0.0017192647	2117.6145	0.0	-1329.7407	1.3833863	-1.192093e-10	24.108438730239868
33	-188.91428	121.47549	25.551117	-493.0172	92.46512	-76.523224	31.450994	20.700684	-245.46964	136000	0.07635096	0.07635096	0.06492483	-0.0016332517	4440.876	0.0	-1292.4578	1.3839384	-8.9406965e-10	24.81225895881653
34	-155.87213	96.08324	-23.032764	-463.446	93.023254	-77.15744	44.18508	6.588275	-329.33987	140000	0.03329121	0.03329121	0.008113326	-0.0008111572	3446.2932	0.0	-2206.226	1.3832911	2.9802322e-10	25.535236597061157
35	-155.46925	102.28115	-51.559578	-529.21265	91.906975	-81.82233	38.24503	-11.198444	-241.12253	144000	0.042371403	0.042371403	0.035058275	-0.0022283553	1576.3025	0.0	-917.58997	1.3836164	1.6987324e-09	26.236119270324707
36	-157.75203	95.81635	29.022055	-407.94272	95.95122	-85.512505	34.553665	9.460901	-236.43405	148000	0.023119193	0.023119193	0.084745124	-0.002088898	2736.5168	0.0	-1291.9174	1.3836917	-2.0563602e-09	26.943444967269897
37	-176.2876	110.133354	-7.0380397	-554.36646	88.22222	-86.02509	36.73176	-14.833276	-218.41003	152000	0.031181952	0.031181952	0.056286104	-0.003704904	3750.6755	0.0	-1784.5276	1.383322	-8.940697e-11	27.623146057128906
38	-176.8164	110.53095	23.641054	-426.2409	97.17073	-89.54108	43.121563	37.157772	-320.9101	156000	0.045437224	0.045437224	0.027950505	-0.001963683	3419.5107	0.0	-1756.7565	1.3837972	2.682209e-10	28.32300066947937
39	-177.3776	96.12753	-49.187515	-382.77982	95.34146	-98.82154	39.50586	-26.823833	-295.8022	160000	0.051427793	0.051427793	0.27314955	-0.0037912698	2144.458	0.0	-1281.0754	1.3836081	6.854534e-10	29.01989722251892
40	-171.4921	96.23353	-43.314304	-475.08423	95.243904	-90.0446	36.259388	-9.774758	-219.88504	164000	0.064696595	0.064696595	0.042165875	-0.00067156384	1949.1812	0.0	-1082.6462	1.3833833	2.0563602e-09	29.734267473220825
41	-153.86667	102.62155	30.932516	-426.5078	90.72727	-89.12258	34.13043	-8.984509	-206.18982	168000	0.040071946	0.040071946	0.02760056	-0.002474577	2026.4282	0.0	-1108.5184	1.3837769	-1.6689301e-09	30.416025400161743
42	-145.24207	91.39836	-10.744899	-405.1953	95.756096	-87.95739	42.34162	-0.15606499	-252.39792	172000	0.0501599	0.0501599	0.06065179	-0.0019854829	2581.142	0.0	-1962.543	1.3834811	7.4505807e-10	31.1203293800354
43	-139.0528	78.80845	-2.5248916	-348.1625	99.825	-81.22478	36.584347	-8.569776	-282.57666	176000	0.03521111	0.03521111	0.027619256	-0.0034601681	2178.757	0.0	-1270.9597	1.3837243	5.364418e-10	31.824650049209595
44	-171.0243	102.5335	5.908205	-459.95795	94.04762	-74.86157	38.900326	2.196618	-190.5975	180000	0.07511984	0.07511984	0.116308324	-0.0020525223	2029.7042	0.0	-1154.852	1.3833916	3.2782554e-10	32.512516021728516
45	-174.8061	108.00599	-59.83667	-448.7601	91.60465	-84.912025	39.73067	32.287575	-250.21782	184000	0.031241681	0.031241681	0.043471012	-0.0032270134	2082.3396	0.0	-1201.8557	1.383598	7.1525574e-10	33.22516083717346
46	-141.58922	99.212814	-18.397783	-444.71008	95.34146	-82.4337	43.062157	53.69564	-259.62585	188000	0.0271538	0.0271538	0.010930278	-0.0029901671	2318.7195	0.0	-1384.4568	1.383583	-2.9802322e-10	33.93454599380493
47	-161.09549	119.01226	-8.492744	-555.6179	94.04762	-81.35376	43.002823	20.7348	-247.54546	192000	0.036381364	0.036381364	0.06235681	-0.0024360511	2944.5627	0.0	-1636.965	1.3836279	-1.1026859e-09	34.61428236961365
48	-161.42847	108.87811	32.589973	-465.667	118.63636	-87.60182	50.346035	21.515789	-206.52365	196000	0.057984255	0.057984255	0.037052933	-0.0029781293	3235.2524	0.0	-1755.3944	1.3828005	1.192093e-10	35.6822292804718
49	-182.4698	98.93351	-18.857498	-427.54123	97.51219	-82.00617	38.87004	2.7757273	-205.33221	200000	0.05276887	0.05276887	0.044586383	-0.003466751	2769.3235	0.0	-1466.7349	1.3833146	-7.1525574e-10	36.40324401855469
