Epoch	AverageEpRet	StdEpRet	MaxEpRet	MinEpRet	EpLen	AverageVVals	StdVVals	MaxVVals	MinVVals	TotalEnvInteracts	StacGradNorm	VanillaGradNorm	ImplicitGradNorm	LossPi	LossV	DeltaLossPi	DeltaLossV	Entropy	KL	Time
0	21.26738	12.469563	91.0	9.0	21.26738	-0.15334955	0.03393233	0.016134568	-0.21860324	4000	0.1964565	0.1964565	0.10247328	0.011952239	281.32657	0.0	-207.63858	0.68447524	-8.642673e-10	1.2384717464447021
1	21.111702	10.882509	72.0	9.0	21.111702	13.032086	5.280147	19.391373	1.9700272	8000	0.25256106	0.25256106	0.2407415	0.010128127	54.02177	0.0	-4.6827545	0.68728566	4.768372e-10	1.7067162990570068
2	23.215117	13.363661	99.0	9.0	23.215117	13.037665	5.252698	19.399208	1.6583858	12000	0.21761438	0.21761438	0.25322053	-0.00043310368	79.85233	0.0	-7.8632584	0.6898221	2.9802324e-11	2.1600968837738037
3	22.727272	12.481101	101.0	8.0	22.727272	14.057608	6.1313143	21.441704	1.2721493	16000	0.19504817	0.19504817	0.17348321	-0.0060457936	65.98776	0.0	-1.7757416	0.69064516	-2.9802324e-11	2.6097826957702637
4	23.14535	11.624294	81.0	9.0	23.14535	13.887689	6.012112	21.062119	1.2633314	20000	0.23895949	0.23895949	0.22202228	-0.00819214	51.09387	0.0	-1.7360535	0.69100916	-2.2351742e-11	3.0604708194732666
5	24.54088	12.37554	79.0	8.0	24.54088	13.438429	6.0574775	23.658022	1.050444	24000	0.18780808	0.18780808	0.23060967	-0.013152663	83.42858	0.0	-6.415001	0.69050115	1.5646219e-10	3.5531342029571533
6	26.79054	16.573444	86.0	9.0	26.79054	14.472115	6.473537	28.92177	0.10143405	28000	0.15970296	0.15970296	0.15247442	-0.017143684	106.82884	0.0	-7.967972	0.68948597	-8.642673e-10	3.9979820251464844
7	24.236364	13.712145	114.0	9.0	24.236364	16.133959	6.967741	24.659973	0.6075358	32000	0.18170118	0.18170118	0.1454012	-0.021513408	83.144104	0.0	-5.228035	0.68829066	-5.5134297e-10	4.445431470870972
8	26.838926	13.575573	74.0	9.0	26.838926	14.65262	6.1807947	21.61379	0.18625519	36000	0.16030526	0.16030526	0.1750179	-0.022627117	70.238785	0.0	-2.319725	0.6871255	1.3038516e-09	4.890803813934326
9	27.6875	17.972769	139.0	9.0	27.6875	15.517563	6.4729137	24.216045	0.30795988	40000	0.16030368	0.16030368	0.15412085	-0.02414865	137.45856	0.0	-16.42321	0.6856658	-4.61936e-10	5.334709167480469
10	26.791946	15.242239	82.0	10.0	26.791946	16.810434	7.220002	27.902227	-0.78244364	44000	0.18038124	0.18038124	0.17127556	-0.029649375	78.918564	0.0	-4.71476	0.68403417	0.0	5.804717063903809
11	31.63492	20.467398	122.0	9.0	31.63492	16.913864	7.3436794	29.811659	-0.62114906	48000	0.14346766	0.14346766	0.14913113	-0.025304075	155.12126	0.0	-5.0563507	0.6828777	-8.9406965e-10	6.250725030899048
12	32.447155	19.059685	108.0	10.0	32.447155	16.949703	7.7841125	29.639282	-0.17990586	52000	0.15917219	0.15917219	0.15136401	-0.029730732	129.76959	0.0	-16.168465	0.6825254	-1.4156103e-10	6.694554805755615
13	28.514286	17.216888	92.0	9.0	28.514286	18.587156	8.2384	27.120562	0.211416	56000	0.17893013	0.17893013	0.13829488	-0.036627267	108.80618	0.0	-8.112198	0.6791334	-1.1771918e-09	7.139575719833374
14	33.863247	18.615273	96.0	9.0	33.863247	17.84401	7.1457863	26.256279	0.04343316	60000	0.1733197	0.1733197	0.17471799	-0.036342468	109.60847	0.0	-4.5119324	0.67878765	-3.874302e-10	7.592367887496948
15	31.887096	18.02606	91.0	9.0	31.887096	18.851353	8.298563	27.977846	-0.068264306	64000	0.14816709	0.14816709	0.15721893	-0.03600041	108.093956	0.0	-2.4332428	0.6763439	2.9057265e-10	8.043475151062012
16	31.72	20.230116	144.0	10.0	31.72	19.249847	7.6897492	27.752712	-0.43211645	68000	0.15181914	0.15181914	0.14607045	-0.03751149	132.2897	0.0	-4.689041	0.67512906	4.3213366e-10	8.487629413604736
17	32.808334	19.917452	152.0	11.0	32.808334	18.386753	8.5961	31.786007	-0.049633145	72000	0.13639776	0.13639776	0.14423662	-0.036502432	138.2325	0.0	-5.472229	0.6729605	-1.5646219e-10	8.93914270401001
18	34.730434	21.094124	111.0	9.0	34.730434	19.008692	8.437826	29.697872	-0.26162	76000	0.14159733	0.14159733	0.14121516	-0.037137676	132.07458	0.0	-3.0320892	0.6722879	1.0803342e-09	9.379698514938354
19	37.339622	24.80942	140.0	12.0	37.339622	19.708477	8.181174	30.04517	-1.6565778	80000	0.12578495	0.12578495	0.121107854	-0.037194494	192.3038	0.0	-11.025681	0.6700463	-1.2665988e-10	9.832453727722168
20	36.183487	25.021152	172.0	9.0	36.183487	22.052216	8.673587	31.494799	-2.9146857	84000	0.13834822	0.13834822	0.14695106	-0.04127906	205.1134	0.0	-17.3927	0.669649	-1.2144447e-09	10.291020154953003
21	38.60784	22.265842	132.0	11.0	38.60784	22.714756	9.38401	39.160027	-2.5404162	88000	0.12106037	0.12106037	0.14425024	-0.036170375	176.86066	0.0	-33.51526	0.6691266	-5.364418e-10	10.740447521209717
22	34.094017	18.119255	104.0	10.0	34.094017	21.411678	8.931274	33.48072	-2.6949852	92000	0.14881547	0.14881547	0.16479489	-0.043663763	107.92352	0.0	-8.25341	0.6660395	-7.4505804e-11	11.192355155944824
23	36.824074	21.260218	110.0	11.0	36.824074	20.362375	8.050597	29.47902	-1.1200157	96000	0.14458722	0.14458722	0.15485978	-0.04458474	129.39946	0.0	-5.12619	0.6634649	7.5250867e-10	11.662565469741821
24	34.464912	15.940779	84.0	10.0	34.464912	20.046082	8.778257	30.528687	-0.0036139488	100000	0.14420438	0.14420438	0.11837992	-0.048185386	103.60364	0.0	-6.694687	0.66191566	1.2814999e-09	12.110721111297607
25	35.890907	20.191061	118.0	11.0	35.890907	18.66893	7.536212	28.486824	-1.103869	104000	0.13570677	0.13570677	0.046241697	-0.042590674	133.54512	0.0	-8.677437	0.6622918	1.3411044e-10	12.552417039871216
26	39.445545	21.996613	107.0	12.0	39.445545	20.32374	8.126023	30.691757	-0.67928654	108000	0.13123539	0.13123539	0.1309861	-0.04327513	136.77266	0.0	-7.572876	0.66044044	-9.536744e-10	13.00593113899231
27	39.71717	20.9164	112.0	12.0	39.71717	21.963867	9.121516	33.15351	0.12778372	112000	0.125126	0.125126	0.13414092	-0.04518161	130.41644	0.0	-7.0474014	0.65994096	1.3411044e-10	13.472596406936646
28	42.880436	27.590895	152.0	10.0	42.880436	20.774706	9.1323185	33.51025	-1.5165644	116000	0.11944814	0.11944814	0.123699985	-0.04131363	227.12036	0.0	-30.228592	0.658775	-5.438924e-10	13.936671018600464
29	41.541668	23.301874	119.0	11.0	41.541668	24.342524	10.145534	33.343544	-0.8720067	120000	0.15280978	0.15280978	0.12564376	-0.048562307	137.2619	0.0	-8.707062	0.65832067	-3.799796e-10	14.381164073944092
30	41.074467	26.999306	170.0	12.0	41.074467	22.84991	9.978047	33.88029	-1.1960614	124000	0.106956944	0.106956944	0.10792612	-0.040046405	256.388	0.0	-22.114532	0.6536648	2.1606683e-10	14.828035116195679
31	43.304348	24.085327	122.0	13.0	43.304348	24.714046	10.466011	37.48533	-2.5793872	128000	0.12756489	0.12756489	0.120093055	-0.05053887	143.24979	0.0	-7.7940674	0.6557163	-1.7136335e-10	15.264151334762573
32	39.326733	23.869326	121.0	11.0	39.326733	22.637796	10.6631155	38.813232	-2.2925546	132000	0.14486969	0.14486969	0.15626514	-0.054442476	163.68472	0.0	-15.90712	0.6479028	1.0430813e-10	15.716135263442993
33	45.45977	26.169125	138.0	10.0	45.45977	23.301758	8.896905	41.64465	-1.7741709	136000	0.137313	0.137313	0.16099167	-0.04633798	169.74905	0.0	-8.778381	0.6525847	-1.4305115e-09	16.156043529510498
34	42.817204	27.536856	171.0	11.0	42.817204	25.845797	10.6636	45.752792	0.59046555	140000	0.1389421	0.1389421	0.10041948	-0.053000268	180.96663	0.0	-13.097702	0.64716417	-4.4703483e-10	16.60820436477661
35	44.4	27.35235	164.0	11.0	44.4	24.751965	10.815704	37.55509	-1.8374879	144000	0.12736516	0.12736516	0.11487741	-0.054729123	188.81328	0.0	-11.140579	0.6459343	8.3446505e-10	17.083779096603394
36	42.425533	25.69812	131.0	14.0	42.425533	23.421902	10.413009	38.762825	-0.4082355	148000	0.13048227	0.13048227	0.110301316	-0.05325342	176.86955	0.0	-21.455109	0.64573574	1.3187528e-09	17.517549514770508
37	50.820515	35.88005	200.0	12.0	50.820515	24.472189	10.603313	46.112488	-4.7829466	152000	0.10047565	0.10047565	0.5480063	-0.04450451	291.63513	0.0	-54.581833	0.6462964	-4.246831e-10	17.965893983840942
38	49.5375	31.329277	161.0	12.0	49.5375	29.023207	12.4758	57.123108	-5.4978285	156000	0.12598649	0.12598649	0.043573752	-0.041559502	277.36685	0.0	-73.361664	0.6442794	1.11758706e-10	18.410248041152954
39	49.6625	27.14035	144.0	13.0	49.6625	27.801678	11.318777	40.978916	-2.9437823	160000	0.14441851	0.14441851	0.13545379	-0.046415932	169.26689	0.0	-12.501389	0.64602154	8.866191e-10	18.875340461730957
40	54.08219	30.067848	164.0	13.0	54.08219	27.040155	11.02795	48.685314	0.15400982	164000	0.11648026	0.11648026	0.18085973	-0.04636377	187.3798	0.0	-17.24025	0.6433948	-3.799796e-10	19.332051277160645
41	54.39726	30.475563	155.0	17.0	54.39726	27.9056	11.724219	42.52654	0.8011018	168000	0.12889475	0.12889475	0.032723244	-0.048712112	208.17656	0.0	-22.28534	0.6412465	2.4586916e-10	19.785842418670654
42	52.13158	29.885458	167.0	12.0	52.13158	27.451056	11.188659	45.707527	-1.0451317	172000	0.14613704	0.14613704	0.14014834	-0.050442446	202.1465	0.0	-18.977036	0.6407248	-4.5448542e-10	20.23162031173706
43	53.226665	32.65438	200.0	14.0	53.226665	25.911312	11.515364	45.464348	0.83524394	176000	0.12431911	0.12431911	0.14338131	-0.049130376	262.7579	0.0	-47.540955	0.6410023	-1.5124678e-09	20.67830729484558
44	52.32895	27.247108	161.0	18.0	52.32895	27.82634	11.360152	45.518993	-0.17143285	180000	0.11791367	0.11791367	0.12430529	-0.053520285	169.75438	0.0	-16.28563	0.6371003	8.866191e-10	21.12560486793518
45	56.126762	35.473034	159.0	10.0	56.126762	26.269423	11.882818	47.627674	0.65488553	184000	0.16046946	0.16046946	0.32745412	-0.04445001	244.52779	0.0	-37.070404	0.6391289	1.7136335e-10	21.572093725204468
46	57.550724	36.478916	187.0	16.0	57.550724	28.213343	12.215567	50.917427	-0.0039144754	188000	0.113142	0.113142	0.11329459	-0.04853839	288.60187	0.0	-39.02603	0.635816	-8.3446505e-10	22.031986713409424
47	55.78873	33.382935	200.0	13.0	55.78873	27.340555	11.477553	46.677902	-2.003429	192000	0.110696964	0.110696964	0.1495283	-0.04719705	261.49493	0.0	-53.595306	0.63604516	-7.450581e-12	22.47274112701416
48	60.4375	35.004856	200.0	22.0	60.4375	30.001125	11.333992	51.34781	-1.710352	196000	0.15048575	0.15048575	0.14266317	-0.04852705	271.45676	0.0	-22.242416	0.63484323	6.0349703e-10	22.922805070877075
49	59.358208	28.90525	149.0	18.0	59.358208	27.807035	12.363672	52.057438	-0.1959002	200000	0.12137094	0.12137094	0.097515024	-0.050029915	192.00183	0.0	-24.163864	0.6340367	-6.3329936e-10	23.367741584777832
