Epoch	AverageEpRet	StdEpRet	MaxEpRet	MinEpRet	EpLen	AverageVVals	StdVVals	MaxVVals	MinVVals	TotalEnvInteracts	StacGradNorm	VanillaGradNorm	ImplicitGradNorm	LossPi	LossV	DeltaLossPi	DeltaLossV	Entropy	KL	Time
0	-238.85054	120.69169	-3.8175993	-519.57477	88.844444	-0.089431256	0.032633692	0.087995544	-0.26831853	4000	0.077753626	0.077753626	0.0012109715	0.018023662	22036.355	0.0	-18306.043	1.350465	2.0861626e-10	1.5923733711242676
1	-212.68181	120.88223	119.348114	-432.10287	107.4054	-127.822945	15.201971	-119.25692	-155.7836	8000	0.0699204	0.0699204	0.06957498	0.0149537455	6010.708	0.0	-3908.5244	1.3547666	-2.682209e-10	2.602893114089966
2	-228.30194	122.92182	-62.429775	-580.77795	90.181816	-97.31054	43.12593	19.687763	-168.0547	12000	0.10050905	0.10050905	0.0967983	0.014676472	3288.3684	0.0	-1615.2656	1.3528354	1.2814999e-09	3.309340238571167
3	-195.76393	113.810524	-1.3652266	-545.9337	88.04444	-91.147934	37.518562	-29.340645	-185.89983	16000	0.08952434	0.08952434	0.07697732	0.0139358295	2417.022	0.0	-902.7726	1.3550878	-8.3446505e-10	4.05098819732666
4	-206.5066	109.62045	40.331203	-444.66592	84.74468	-97.36778	35.95615	-14.415641	-232.83044	20000	0.113451704	0.113451704	0.07865675	0.020099135	2686.174	0.0	-848.33093	1.3556958	-1.3113022e-09	4.735993385314941
5	-204.96245	129.92398	18.957817	-483.8201	82.125	-101.74094	47.95546	-56.42738	-232.64471	24000	0.09948693	0.09948693	0.09429587	0.015532277	3280.3079	0.0	-540.1289	1.3576925	-1.3411046e-09	5.4170451164245605
6	-210.60385	124.59334	36.637	-518.13934	86.565216	-133.78175	48.529163	-35.423866	-227.99136	28000	0.11877872	0.11877872	0.112189606	0.017499119	2559.5835	0.0	-553.2119	1.3594176	-1.7881394e-10	6.151034116744995
7	-189.19962	112.165436	-25.641071	-457.27808	85.0	-118.67941	48.89355	-76.177124	-265.9552	32000	0.09560334	0.09560334	0.08551491	0.011157536	2275.663	0.0	-698.49255	1.3614392	-4.768372e-10	6.860430002212524
8	-209.85278	122.27345	-7.2090144	-484.00012	87.37778	-109.42047	49.98892	3.9834661	-244.60016	36000	0.08366898	0.08366898	0.073764294	0.0062116315	2922.5452	0.0	-1355.2198	1.3626099	1.4007091e-09	7.569191932678223
9	-209.68134	128.83807	-52.419983	-589.45715	88.68889	-123.731476	51.985664	-44.607513	-262.58636	40000	0.0913851	0.0913851	0.06256978	0.014392545	2678.63	0.0	-1174.5698	1.3630021	-2.3245812e-09	8.259296178817749
10	-194.99672	113.29485	30.40446	-528.32587	88.454544	-130.2417	63.694286	-47.412098	-295.34903	44000	0.12904729	0.12904729	0.12486256	0.015838176	3011.0916	0.0	-1333.8262	1.3644236	-2.9802322e-10	8.943365573883057
11	-199.10202	115.75208	-55.253	-468.16653	83.87234	-105.601875	50.721943	-37.93821	-271.08142	48000	0.08535212	0.08535212	0.0029235394	0.0075558797	1630.6567	0.0	-838.2673	1.3659161	2.682209e-10	9.620730638504028
12	-203.08615	122.829834	-23.423853	-438.01062	88.022224	-99.18399	44.467567	26.016644	-239.75185	52000	0.06929903	0.06929903	0.06318965	0.007132433	2392.748	0.0	-811.57117	1.3669331	7.1525574e-10	10.310307025909424
13	-215.14369	110.62121	40.112953	-432.74203	118.30303	-102.717545	52.0384	4.483102	-246.50427	56000	0.105494566	0.105494566	0.16098031	0.0067994255	3599.2417	0.0	-1527.2593	1.3696618	-1.0430813e-09	11.278433799743652
14	-199.22284	111.667404	-33.889202	-493.9533	91.46512	-120.9537	43.92773	-11.999701	-267.53403	60000	0.057944298	0.057944298	0.05261886	0.0022043332	2617.1062	0.0	-1451.7095	1.3679451	-1.192093e-10	11.956577062606812
15	-173.05177	92.81334	-15.758105	-426.61786	85.54348	-117.739235	52.763546	64.24538	-276.15692	64000	0.12402454	0.12402454	0.039224066	0.012495419	2207.5276	0.0	-1230.7548	1.368611	-5.960465e-11	12.657292366027832
16	-146.3215	88.34202	18.768608	-442.70425	87.82222	-84.31998	30.857513	-7.582405	-237.1529	68000	0.08804877	0.08804877	0.08412811	0.002315249	2034.8933	0.0	-731.6438	1.3703046	2.2649764e-09	13.338344097137451
17	-169.46817	99.362785	-58.919476	-453.49774	87.31111	-95.690575	43.59981	12.595842	-271.13065	72000	0.049777422	0.049777422	0.045611337	0.003424553	2046.1987	0.0	-802.58167	1.3703972	-1.3411046e-09	14.019712209701538
18	-187.50313	109.10183	-57.518208	-485.0804	88.795456	-95.35114	45.585503	-24.852768	-268.89542	76000	0.06803918	0.06803918	0.07301682	4.4855355e-05	2097.9666	0.0	-922.31494	1.3708993	5.662441e-10	14.712767601013184
19	-173.53697	97.125824	-37.6941	-459.4551	89.38636	-99.978294	39.46554	-18.149323	-275.9142	80000	0.12741773	0.12741773	0.11305099	0.0029748844	1839.3662	0.0	-514.2229	1.3710207	-8.940697e-11	15.384664058685303
20	-177.03374	126.78621	39.0783	-533.92114	92.18604	-99.79455	46.17615	-47.830452	-316.07837	84000	0.06478893	0.06478893	0.06578052	0.0017064776	3102.838	0.0	-945.56934	1.3710362	-3.2782554e-10	16.086199045181274
21	-175.42714	93.961	15.5506315	-438.9494	90.34091	-91.79012	40.879253	7.505023	-291.6605	88000	0.058907595	0.058907595	0.054343536	0.00089533103	2428.7302	0.0	-1164.7701	1.3720891	-1.3113022e-09	16.791866540908813
22	-164.07652	88.32229	-0.843964	-444.3993	88.545456	-96.73931	33.60678	-22.469292	-235.22694	92000	0.04043712	0.04043712	0.036509007	-0.0013088586	1548.9098	0.0	-705.01746	1.372084	5.9604643e-10	17.48749542236328
23	-174.29204	104.384254	-66.29044	-455.14642	86.945946	-93.98977	34.92122	20.246437	-284.18616	96000	0.101828046	0.101828046	0.05800399	-0.0021279142	3259.399	0.0	-1909.4788	1.3730581	-7.748604e-10	18.31104302406311
24	-155.58781	111.43141	32.26464	-505.43	87.71111	-94.96998	41.11172	80.33635	-248.06892	100000	0.070345156	0.070345156	3.07494	0.0038984485	4475.2085	0.0	-1871.5547	1.373208	-4.4703483e-10	19.00600576400757
25	-174.01598	87.6851	-54.4763	-383.60806	91.48837	-88.36011	37.891582	-27.189123	-262.61334	104000	0.040850207	0.040850207	0.09990405	0.0005889232	2120.7478	0.0	-1111.0187	1.3730755	8.046627e-10	19.72659730911255
26	-171.04968	102.90093	4.298246	-448.76422	86.391304	-113.14252	43.33141	-24.107279	-257.31033	108000	0.04299584	0.04299584	0.0029582942	-0.0037153242	2706.821	0.0	-1458.5922	1.3736291	1.2218953e-09	20.40571689605713
27	-159.13576	87.48924	2.8802063	-349.90192	93.92857	-89.93826	37.649376	27.288013	-242.66788	112000	0.060652025	0.060652025	0.022113945	-0.00032608854	2242.009	0.0	-1127.9205	1.3741182	1.4007091e-09	21.088669061660767
28	-162.7794	93.86768	-36.370667	-410.88312	89.62791	-84.22652	34.296333	35.373222	-193.08667	116000	0.041809518	0.041809518	0.030693717	-0.0025974663	2782.5093	0.0	-1546.1725	1.374122	8.9406965e-10	21.76178526878357
29	-165.2884	73.83083	-78.89207	-392.27972	88.04444	-85.62737	37.718853	-30.012434	-257.08017	120000	0.058558814	0.058558814	0.060565285	-0.009261297	1721.113	0.0	-1152.7961	1.3741857	8.3446505e-10	22.45501160621643
30	-159.8838	96.23977	11.173542	-385.78668	92.04651	-90.29844	37.933796	-17.59511	-273.1061	124000	0.10240055	0.10240055	0.093034916	0.0027329945	2111.5386	0.0	-790.3125	1.3738406	-1.2814999e-09	23.153223752975464
31	-135.8566	81.24123	12.253916	-361.67807	84.67391	-83.26572	42.030483	53.56888	-247.09917	128000	0.08145938	0.08145938	0.062892854	0.00010840249	1821.9308	0.0	-956.7071	1.3751119	1.1324882e-09	23.82924222946167
32	-166.82259	78.50724	-61.923965	-351.43954	85.934784	-67.132576	31.592365	-17.607506	-195.5711	132000	0.05667894	0.05667894	0.05301765	-0.008232652	2198.7822	0.0	-1737.1729	1.3744658	-5.9604643e-10	24.506993293762207
33	-168.19286	81.51234	3.394524	-402.14325	91.674416	-89.65547	32.874714	-22.025646	-253.60635	136000	0.05367049	0.05367049	0.044063505	-0.0031325745	2308.8308	0.0	-1146.2448	1.3741546	5.662441e-10	25.208600282669067
34	-167.9193	99.19153	1.4660394	-438.08704	88.64445	-103.283516	30.189934	-16.797451	-237.08398	140000	0.058417823	0.058417823	0.049293596	-0.0036837792	2797.9421	0.0	-1566.3888	1.374388	8.046627e-10	25.905583381652832
35	-161.99515	97.58031	-20.583212	-384.57983	97.775	-85.19761	39.511974	96.44973	-239.24458	144000	0.05970403	0.05970403	0.0267301	-0.004460139	2437.8076	0.0	13.67627	1.3743716	8.940697e-11	26.624510526657104
36	-172.79633	78.42199	-76.03996	-385.4055	94.166664	-94.35314	34.71045	-18.715921	-250.82565	148000	0.041858256	0.041858256	0.03440371	-0.0065490645	1477.8712	0.0	-886.863	1.3743881	-8.642673e-10	27.335587978363037
37	-181.82185	95.50519	-55.35687	-429.29575	93.97619	-90.68504	35.023335	71.77737	-258.64346	152000	0.044216275	0.044216275	0.050119538	-0.0057507763	2310.7996	0.0	-1362.5244	1.3744974	5.364418e-10	28.01363968849182
38	-161.35266	71.75976	-12.88725	-340.1976	94.47619	-89.18993	34.706367	-20.116268	-236.75966	156000	0.049486227	0.049486227	0.030684557	-0.006168747	1405.2345	0.0	-813.988	1.3743262	1.1622906e-09	28.695733785629272
39	-187.53094	95.38971	-80.21109	-476.32126	91.023254	-95.14655	34.62556	-23.525694	-209.38359	160000	0.06026367	0.06026367	0.048644006	-0.007955155	1964.0406	0.0	-1212.1992	1.3732889	1.0430813e-09	29.401989698410034
40	-154.10457	93.81825	-23.418528	-403.1068	86.71739	-90.943535	31.417248	-28.781096	-265.9555	164000	0.05659624	0.05659624	0.0067990404	-0.0042152666	2129.8506	0.0	-1155.418	1.3743901	2.6822091e-09	30.08873677253723
41	-141.89954	82.58466	21.234337	-502.5929	94.04762	-79.86841	35.658524	-17.483345	-234.59885	168000	0.051885165	0.051885165	0.06386754	-0.008364217	1578.1097	0.0	-894.0731	1.3740562	-2.9802322e-10	30.76166272163391
42	-157.00485	97.19064	73.027084	-460.1704	88.6	-74.79216	26.21011	-23.54524	-209.93492	172000	0.035872694	0.035872694	0.07594409	-0.0041305735	3402.9316	0.0	-2098.4678	1.3739659	0.0	31.435728549957275
43	-137.27977	87.93344	23.780443	-401.51117	86.78261	-77.10722	35.622875	45.39602	-199.98215	176000	0.039729852	0.039729852	0.03214954	-0.0066068307	2868.363	0.0	-1873.3435	1.3736066	5.662441e-10	32.12529158592224
44	-136.35939	67.109116	-9.812784	-298.939	84.61702	-69.495995	31.88364	-16.508957	-208.94911	180000	0.038846534	0.038846534	0.04793696	-0.0039196764	1706.2687	0.0	-1174.6982	1.3732439	-1.1920929e-09	32.81667971611023
45	-146.463	88.74804	8.3394	-494.61734	91.72093	-83.01145	29.989344	61.483948	-220.006	184000	0.049779262	0.049779262	0.071048155	-0.0060687913	2572.3599	0.0	-1175.4047	1.3729669	3.5762787e-10	33.50155448913574
46	-154.72354	80.00024	-37.590958	-380.2232	87.68889	-71.58083	30.223648	33.362595	-207.489	188000	0.048954505	0.048954505	0.08452107	-0.007183649	2253.4905	0.0	-1186.934	1.3736509	8.046627e-10	34.20978546142578
47	-141.00034	67.84765	24.65609	-353.1521	85.804344	-85.47711	29.82	-2.9945316	-235.2924	192000	0.045057986	0.045057986	0.037180997	-0.005888608	1516.7457	0.0	-680.1692	1.3741148	1.7881394e-10	34.90037441253662
48	-145.00027	73.15446	4.1462045	-386.6493	90.27273	-83.014786	25.818668	-41.51601	-212.05797	196000	0.037518818	0.037518818	0.03350487	-0.007971327	1639.396	0.0	-738.8816	1.3731834	1.4603138e-09	35.600486278533936
49	-151.46039	96.53521	-7.7265563	-437.85266	89.5	-74.71472	28.348019	9.257271	-236.16463	200000	0.056013104	0.056013104	0.06962311	-0.001755456	2248.0093	0.0	-1466.6938	1.3730524	-3.5762787e-10	36.286296367645264
