Epoch	AverageEpRet	StdEpRet	MaxEpRet	MinEpRet	EpLen	AverageVVals	StdVVals	MaxVVals	MinVVals	TotalEnvInteracts	StacGradNorm	VanillaGradNorm	ImplicitGradNorm	LossPi	LossV	DeltaLossPi	DeltaLossV	Entropy	KL	Time
0	-500.0	0.0	-500.0	-500.0	500.0	-0.048368912	0.04564416	0.104638256	-0.18253455	4000	0.03431795	0.03431795	0.0008965417	0.0026299467	7043.4893	0.0	-6459.3325	1.0882778	1.6391277e-09	1.6394519805908203
1	-500.0	0.0	-500.0	-500.0	500.0	-79.06918	4.2305803	-55.20697	-82.73842	8000	0.047828726	0.047828726	0.0063559557	-0.0025176862	532.41504	0.0	-65.67203	1.0875077	0.0	2.295846939086914
2	-500.0	0.0	-500.0	-500.0	500.0	-82.054955	8.303847	-29.879723	-92.01252	12000	0.035754237	0.035754237	0.0047156066	0.0042372746	486.91586	0.0	-50.20096	1.0878327	4.917383e-10	2.9296445846557617
3	-500.0	0.0	-500.0	-500.0	500.0	-81.56278	9.353667	-31.588911	-88.70432	16000	0.059124723	0.059124723	0.0076608444	0.0023789154	480.80298	0.0	-57.21927	1.0886165	-6.4074995e-10	3.560666084289551
4	-500.0	0.0	-500.0	-500.0	500.0	-69.74811	23.340815	37.993034	-92.14169	20000	0.026687235	0.026687235	0.002855332	0.0029217384	867.00885	0.0	-434.11774	1.0873969	9.387732e-10	4.197925806045532
5	-500.0	0.0	-500.0	-500.0	500.0	-79.68132	8.051855	-46.760002	-94.239845	24000	0.042507313	0.042507313	0.007424513	0.003143536	445.77902	0.0	-75.98358	1.0872127	-1.4901162e-11	4.8640429973602295
6	-500.0	0.0	-500.0	-500.0	500.0	-76.81983	15.377048	-22.424278	-95.205925	28000	0.0384198	0.0384198	0.0038160065	-0.0026907637	473.65457	0.0	-71.84787	1.0872498	-1.952052e-09	5.4997358322143555
7	-500.0	0.0	-500.0	-500.0	500.0	-79.74913	11.5911045	-32.21967	-95.51919	32000	0.06166125	0.06166125	0.013057186	0.0050367997	421.85324	0.0	-67.57999	1.0871836	-5.9604643e-10	6.115508317947388
8	-500.0	0.0	-500.0	-500.0	500.0	-74.51792	18.761312	42.154243	-96.58109	36000	0.044961795	0.044961795	0.005423386	-0.0041583814	543.31396	0.0	-198.61615	1.0865695	-1.937151e-10	6.768412828445435
9	-500.0	0.0	-500.0	-500.0	500.0	-84.493706	13.482013	-43.183212	-98.344215	40000	0.018867731	0.018867731	0.0020942988	0.00053330493	386.3289	0.0	-69.85846	1.0874045	-9.387732e-10	7.424029588699341
10	-500.0	0.0	-500.0	-500.0	500.0	-78.21531	13.4100275	-21.746538	-98.83545	44000	0.043033496	0.043033496	0.004393072	0.00015544164	408.35507	0.0	-61.062683	1.087798	-4.1723253e-10	8.07768964767456
11	-500.0	0.0	-500.0	-500.0	500.0	-80.06055	17.89358	15.748142	-96.78011	48000	0.062364507	0.062364507	0.00644164	0.008321228	459.73627	0.0	-123.39621	1.0873777	3.7252904e-10	8.700627088546753
12	-500.0	0.0	-500.0	-500.0	500.0	-85.955795	7.6247945	-27.044153	-94.262314	52000	0.017567202	0.017567202	0.0023337249	0.00040785156	470.61313	0.0	-75.80792	1.08813	-8.940697e-11	9.327083110809326
13	-500.0	0.0	-500.0	-500.0	500.0	-86.1246	9.736949	-30.652227	-96.759125	56000	0.051746156	0.051746156	0.0058627324	0.00013653684	493.2779	0.0	-139.65634	1.0891739	-1.385808e-09	9.956295490264893
14	-500.0	0.0	-500.0	-500.0	500.0	-79.590675	17.369925	5.2649717	-95.826485	60000	0.048929803	0.048929803	0.0043415646	-0.0033266782	444.69482	0.0	-94.06091	1.0882765	4.1723253e-10	10.585724115371704
15	-500.0	0.0	-500.0	-500.0	500.0	-78.26319	16.60421	-11.277738	-97.032166	64000	0.054110985	0.054110985	0.008515272	0.0012928408	422.54773	0.0	-98.62195	1.0875766	9.685754e-10	11.223587989807129
16	-500.0	0.0	-500.0	-500.0	500.0	-87.018105	11.809989	-27.254646	-97.36126	68000	0.054148614	0.054148614	0.005467127	-0.00051002286	391.7359	0.0	-82.03418	1.0889554	-1.3411046e-09	11.844229221343994
17	-500.0	0.0	-500.0	-500.0	500.0	-77.78061	19.692785	-9.821731	-98.63249	72000	0.051903035	0.051903035	0.0046567866	0.0019465953	398.51642	0.0	-132.92218	1.0869184	-1.937151e-10	12.467925786972046
18	-500.0	0.0	-500.0	-500.0	500.0	-84.87369	13.271675	-24.375515	-97.77056	76000	0.05647282	0.05647282	0.0053190556	0.0014834862	348.92557	0.0	-61.63675	1.0874547	1.4305115e-09	13.097486019134521
19	-492.0	21.16601	-436.0	-500.0	492.125	-80.7295	19.991678	10.258771	-97.90416	80000	0.07580335	0.07580335	0.007015158	0.002212716	515.41754	0.0	-125.35968	1.0872773	1.4454127e-09	13.72302532196045
20	-500.0	0.0	-500.0	-500.0	500.0	-81.193924	13.510222	-23.639626	-95.64655	84000	0.05939855	0.05939855	0.0065115197	0.00301872	416.04617	0.0	-56.74585	1.0878767	-1.3411044e-10	14.354094982147217
21	-500.0	0.0	-500.0	-500.0	500.0	-83.38284	11.904077	-24.523954	-98.90173	88000	0.063044414	0.063044414	0.006830395	-0.0008723135	344.98206	0.0	-101.34682	1.088013	1.6689301e-09	14.99887466430664
22	-500.0	0.0	-500.0	-500.0	500.0	-79.45882	19.059687	0.73250365	-99.305664	92000	0.040790915	0.040790915	0.0035142465	-0.0042552575	377.62463	0.0	-106.95462	1.0872424	-7.1525574e-10	15.650703430175781
23	-470.625	77.71895	-265.0	-500.0	470.75	-81.1566	17.279612	0.85624504	-99.02498	96000	0.046670783	0.046670783	0.004597916	-0.00079582597	393.83493	0.0	-160.57735	1.0871421	2.9802322e-10	16.292222499847412
24	-489.5	27.780388	-416.0	-500.0	489.625	-83.64899	18.242558	-13.939283	-98.62503	100000	0.064391285	0.064391285	0.007182924	-0.0039235507	340.8815	0.0	-82.760315	1.0876428	-1.937151e-10	16.921690702438354
25	-477.875	45.08447	-364.0	-500.0	478.125	-73.083626	21.59688	1.2600999	-97.753174	104000	0.079100735	0.079100735	0.0072215623	-0.0053201276	407.0419	0.0	-156.5104	1.0841341	2.5331975e-10	17.544106245040894
26	-498.25	4.630065	-486.0	-500.0	498.375	-83.64072	14.220023	-17.809097	-97.930214	108000	0.07965004	0.07965004	0.0097652925	-0.010413374	327.91022	0.0	-77.57242	1.0849645	9.536744e-10	18.173763751983643
27	-488.375	30.756859	-407.0	-500.0	488.5	-78.65482	19.365156	15.650963	-98.19477	112000	0.07880123	0.07880123	0.0071751145	-0.005439349	545.81537	0.0	-177.27353	1.0847064	-4.61936e-10	18.79341697692871
28	-500.0	0.0	-500.0	-500.0	500.0	-81.86596	14.561074	-10.75501	-98.45811	116000	0.05304431	0.05304431	0.0064396616	0.0054739867	398.75403	0.0	-62.108307	1.084391	-1.0430813e-10	19.423803091049194
29	-498.875	2.9764702	-491.0	-500.0	499.0	-88.3823	7.894616	-35.463036	-95.773895	120000	0.06567595	0.06567595	0.009498152	-0.0065669506	486.39267	0.0	-213.37018	1.086027	1.3113022e-09	20.040066957473755
30	-483.0	36.45888	-389.0	-500.0	483.25	-71.7925	23.88367	-0.12354469	-98.59088	124000	0.069530234	0.069530234	0.0056794807	-0.0058542984	581.78284	0.0	-247.49106	1.0834287	2.682209e-10	20.674484729766846
31	-460.375	68.963646	-328.0	-500.0	460.625	-79.867325	17.458187	-9.729346	-98.28211	128000	0.054979995	0.054979995	0.005580372	0.0014109013	299.74725	0.0	-56.2529	1.0818424	2.3841857e-09	21.31263041496277
32	-492.125	13.824231	-464.0	-500.0	492.375	-78.1679	19.622135	-3.358684	-98.28685	132000	0.059316617	0.059316617	0.0055142688	-0.0025154916	376.5789	0.0	-74.17563	1.0823658	-1.9818545e-09	21.947006702423096
33	-461.75	65.15702	-314.0	-500.0	462.125	-77.74092	17.213076	-11.035297	-97.76077	136000	0.047032237	0.047032237	0.0045281346	-0.001976152	339.71143	0.0	-93.49008	1.0810733	-1.4007091e-09	22.56857132911682
34	-480.75	28.985989	-414.0	-500.0	481.25	-81.40918	18.315258	3.0690308	-99.94709	140000	0.069881104	0.069881104	0.006616809	-0.0033037527	298.1592	0.0	-125.7408	1.0827348	8.791685e-10	23.19665551185608
35	-449.75	69.7007	-329.0	-500.0	450.25	-80.08714	18.418278	-2.4876664	-98.7544	144000	0.08679992	0.08679992	0.011596976	-0.00645473	282.01288	0.0	-87.9547	1.079585	1.3411046e-09	23.815410375595093
36	-474.375	45.238087	-380.0	-500.0	474.625	-77.54055	21.65961	-8.420695	-97.12988	148000	0.112873726	0.112873726	0.010006191	-0.00905105	291.18594	0.0	-104.13681	1.0795631	-1.5497208e-09	24.451090574264526
37	-474.0	33.988968	-409.0	-500.0	474.5	-80.4154	20.869387	4.3449516	-98.48988	152000	0.1115116	0.1115116	0.009858306	-0.010711628	298.10184	0.0	-77.13405	1.0783238	2.3543836e-09	25.074793815612793
38	-471.625	27.29898	-429.0	-500.0	472.25	-79.90777	18.978695	-2.6189456	-99.91365	156000	0.07781531	0.07781531	0.0072741937	-0.010566804	253.90105	0.0	-74.98204	1.0771354	-5.066395e-10	25.717000007629395
39	-458.125	60.58968	-320.0	-500.0	458.625	-77.100945	19.877916	-2.125158	-97.275154	160000	0.100054376	0.100054376	0.00919183	-0.012578696	170.96854	0.0	-66.547356	1.0771569	-1.937151e-10	26.3548641204834
40	-479.75	35.30138	-411.0	-500.0	480.0	-83.54109	19.633795	17.06084	-96.87948	164000	0.06673143	0.06673143	0.0065577775	-0.009534066	266.77994	0.0	-85.05971	1.0761776	1.3113022e-09	27.023107290267944
41	-432.55554	84.87391	-234.0	-500.0	433.1111	-75.1332	23.43568	7.554343	-98.63983	168000	0.07487222	0.07487222	0.006213961	-0.011103164	332.20032	0.0	-124.54274	1.0753156	8.791685e-10	27.657442569732666
42	-411.33334	71.501366	-295.0	-500.0	412.0	-74.774216	24.210901	30.032574	-96.01322	172000	0.14406982	0.14406982	0.012713746	-0.020143384	203.43465	0.0	-75.29187	1.0720614	3.874302e-10	28.312138557434082
43	-392.0	74.4661	-293.0	-500.0	392.8	-79.86164	20.75623	20.124844	-96.247505	176000	0.09024772	0.09024772	0.009150748	-0.0066880533	191.37384	0.0	-91.30222	1.0712641	7.748604e-10	28.948283910751343
44	-418.77777	67.73605	-336.0	-500.0	419.44446	-62.891727	30.79097	2.5740275	-96.22489	180000	0.10627443	0.10627443	0.008369205	0.01092835	741.22394	0.0	-480.33307	1.0511514	-6.854534e-10	29.591753005981445
45	-348.18182	98.3175	-185.0	-500.0	349.0909	-79.33369	18.484331	6.5769124	-99.461815	184000	0.12305905	0.12305905	0.023004357	-0.02577898	279.02225	0.0	-108.19057	1.0646474	-1.5199184e-09	30.228530883789062
46	-395.33334	100.193146	-256.0	-500.0	396.0	-69.629875	23.257423	21.335037	-95.56764	188000	0.09673629	0.09673629	0.011155578	-0.020134268	303.4943	0.0	-116.911255	1.0536876	1.2814999e-09	30.854057788848877
47	-354.18182	62.039307	-294.0	-500.0	355.0909	-78.919136	21.616121	11.218749	-96.468544	192000	0.06789546	0.06789546	0.0066099623	-0.020548603	176.81973	0.0	-91.14736	1.0618984	1.5348196e-09	31.488105535507202
48	-319.83334	80.974106	-213.0	-464.0	320.83334	-74.47422	22.974298	11.919188	-95.82905	196000	0.11543944	0.11543944	0.0102661615	-0.02158234	131.32314	0.0	-50.165276	1.0599582	2.1010638e-09	32.11179232597351
49	-322.5	81.7124	-200.0	-436.0	323.5	-71.88876	22.650358	4.1817627	-94.08596	200000	0.14696914	0.14696914	0.0147552155	-0.03804881	167.59996	0.0	-44.10623	1.0532534	-1.013279e-09	32.73264503479004
