Epoch	AverageEpRet	StdEpRet	MaxEpRet	MinEpRet	EpLen	AverageVVals	StdVVals	MaxVVals	MinVVals	TotalEnvInteracts	StacGradNorm	VanillaGradNorm	ImplicitGradNorm	LossPi	LossV	DeltaLossPi	DeltaLossV	Entropy	KL	Time
0	20.619791	9.697843	56.0	8.0	20.619791	-0.15532969	0.03441008	0.013072193	-0.22161454	4000	0.17500325	0.17500325	0.055197522	0.010501177	215.46092	0.0	-171.69618	0.68424124	-2.5331975e-10	1.2378630638122559
1	20.448454	9.784794	69.0	8.0	20.448454	11.954569	4.6643815	17.293648	2.2282214	8000	0.26807967	0.26807967	0.26421687	0.010696106	45.469902	0.0	-4.9105453	0.6870216	-5.5134297e-10	1.6980769634246826
2	24.066265	12.196748	75.0	9.0	24.066265	12.578857	5.005957	20.703846	0.44952857	12000	0.20928076	0.20928076	0.06071955	-7.090291e-05	66.82233	0.0	-11.2859535	0.6896402	1.1175871e-09	2.140885591506958
3	22.460674	11.185923	72.0	8.0	22.460674	13.628429	5.729581	20.737867	0.94247764	16000	0.2200389	0.2200389	0.2132971	-0.004307161	52.35503	0.0	-3.5764885	0.6905431	4.4703483e-10	2.5817315578460693
4	23.544378	11.565588	76.0	9.0	23.544378	13.286006	5.7616773	19.961418	0.7783544	20000	0.19259137	0.19259137	0.13460219	-0.01098034	56.417362	0.0	-2.1685715	0.69081837	4.3213366e-10	3.033935070037842
5	25.240507	14.769722	109.0	10.0	25.240507	13.72991	5.8949237	21.226017	0.3784191	24000	0.18079627	0.18079627	0.21327288	-0.013194284	85.31118	0.0	-7.0861053	0.69038224	-7.9721213e-10	3.515869379043579
6	24.8875	13.688036	80.0	9.0	24.8875	15.192572	7.1786985	23.706034	0.33933473	28000	0.17028181	0.17028181	0.14614487	-0.016845355	71.034874	0.0	-3.3967361	0.6893725	-8.419156e-10	3.9816157817840576
7	25.967106	16.151999	116.0	9.0	25.967106	14.708959	6.419156	21.800344	0.6233399	32000	0.18880048	0.18880048	0.18708901	-0.019527085	113.13748	0.0	-4.9789124	0.6886515	9.23872e-10	4.420462131500244
8	28.177305	18.201506	138.0	9.0	28.177305	16.277056	6.8608065	24.85313	0.4937582	36000	0.15081084	0.15081084	0.13986568	-0.021391453	130.78308	0.0	-5.2902374	0.6870966	-1.2516975e-09	4.860947608947754
9	26.46	14.958445	89.0	9.0	26.46	16.941668	7.309682	24.619879	0.31831363	40000	0.17796358	0.17796358	0.16371419	-0.025518872	80.597466	0.0	-1.8874588	0.6859834	7.599592e-10	5.3237550258636475
10	29.411764	16.037397	90.0	10.0	29.411764	16.473902	7.0545497	23.71249	0.7270998	44000	0.16368619	0.16368619	0.19179179	-0.026671484	90.51397	0.0	-5.8891907	0.68432695	5.736947e-10	5.7814414501190186
11	28.769785	15.054489	98.0	10.0	28.769785	17.223585	7.3750663	25.696346	0.36389711	48000	0.15459245	0.15459245	0.15005101	-0.02841722	84.629	0.0	-3.6397095	0.6831714	6.3329936e-10	6.23026180267334
12	32.357723	21.061325	130.0	11.0	32.357723	16.763788	6.75757	23.699657	0.1508684	52000	0.14870764	0.14870764	0.19313088	-0.028696919	147.25981	0.0	-10.8828125	0.68223876	4.246831e-10	6.6775877475738525
13	28.37143	15.842233	107.0	11.0	28.37143	18.485918	8.787502	28.172493	0.34478325	56000	0.15307951	0.15307951	0.21573557	-0.03351527	111.80248	0.0	-17.673851	0.67855746	-2.0116568e-10	7.117759704589844
14	31.74603	22.881313	173.0	9.0	31.74603	16.856262	6.6649103	26.862257	-0.06429097	60000	0.1400657	0.1400657	0.11220842	-0.030955222	202.6759	0.0	-26.21402	0.67871004	-9.685754e-10	7.56831693649292
15	33.216667	21.654554	124.0	10.0	33.216667	19.138895	8.663569	29.598333	0.23791301	64000	0.13440798	0.13440798	0.14309216	-0.032894976	162.96222	0.0	-8.820053	0.6775593	2.4586916e-10	8.019338369369507
16	33.66949	21.794128	133.0	10.0	33.66949	20.193897	8.049675	29.6602	0.23931986	68000	0.12336472	0.12336472	0.19724277	-0.031039326	160.64275	0.0	-6.1887817	0.6765135	-5.9604643e-10	8.478102922439575
17	34.042736	18.604473	97.0	11.0	34.042736	19.589296	7.8528724	32.67346	0.4459092	72000	0.14303869	0.14303869	0.1430087	-0.035588138	108.33259	0.0	-2.966385	0.6751249	-1.0430813e-10	8.940515756607056
18	33.462185	18.193539	92.0	11.0	33.462185	19.54005	8.032915	29.491693	0.70748585	76000	0.14977847	0.14977847	0.15767394	-0.037837096	105.46242	0.0	-0.2837906	0.6727778	9.983778e-10	9.391420364379883
19	33.216667	18.39347	95.0	10.0	33.216667	18.824492	8.172468	29.144478	0.13263184	80000	0.14317751	0.14317751	0.19541937	-0.03944442	104.26946	0.0	-2.2958984	0.67066085	-4.917383e-10	9.838696718215942
20	34.701756	21.16142	164.0	11.0	34.701756	18.534292	8.207759	30.669456	0.756379	84000	0.13688627	0.13688627	0.19885287	-0.03956017	163.97473	0.0	-11.971405	0.6694728	-8.2701446e-10	10.28148078918457
21	37.52381	21.284958	134.0	10.0	37.52381	20.208769	8.26712	31.322052	0.36168134	88000	0.12827678	0.12827678	0.12735912	-0.03630851	155.64651	0.0	-11.848511	0.6696867	-2.0116568e-10	10.735856056213379
22	33.596638	19.665829	102.0	11.0	33.596638	19.598513	8.892354	31.090096	0.5374801	92000	0.14789678	0.14789678	0.124217115	-0.041336875	119.50867	0.0	-6.691658	0.66614544	-1.3411046e-09	11.205105066299438
23	37.866665	20.527828	124.0	11.0	37.866665	19.668324	8.395033	29.55545	0.08610332	96000	0.12711227	0.12711227	0.12382907	-0.041137096	136.52135	0.0	-5.0474243	0.66578186	-7.8976153e-10	11.642385244369507
24	40.132652	26.224556	139.0	10.0	40.132652	21.183151	7.9160504	29.693256	0.951383	100000	0.1598278	0.1598278	0.1710259	-0.041854978	186.12514	0.0	-14.317627	0.6647369	8.3446505e-10	12.080854892730713
25	41.305264	28.509676	172.0	9.0	41.305264	23.862112	9.754344	36.41382	0.1596548	104000	0.11957504	0.11957504	0.116949275	-0.03918917	253.43283	0.0	-35.40851	0.6631606	1.7136335e-10	12.520569086074829
26	42.393616	22.167265	113.0	10.0	42.393616	23.78213	9.894246	36.968807	0.123863995	108000	0.14344344	0.14344344	0.18174015	-0.045329686	137.2553	0.0	-7.445755	0.6635551	4.3958426e-10	12.957035541534424
27	44.659092	28.438086	141.0	13.0	44.659092	21.020273	8.809766	35.531147	-3.323847	112000	0.111021884	0.111021884	0.1274724	-0.039104633	239.89023	0.0	-40.756943	0.66169906	1.937151e-10	13.405763387680054
28	39.058823	21.683472	142.0	11.0	39.058823	25.529922	10.073936	38.8681	0.91867185	116000	0.12879035	0.12879035	0.111411214	-0.046608742	164.09135	0.0	-36.914574	0.658892	3.1292438e-10	13.843309164047241
29	40.272728	23.951473	117.0	12.0	40.272728	20.516567	9.346227	34.43778	-1.1670156	120000	0.14932643	0.14932643	0.05929239	-0.04680124	149.44583	0.0	-14.813919	0.6587846	-1.3411044e-10	14.293002128601074
30	36.54717	17.972795	92.0	13.0	36.54717	22.321339	10.13315	34.36835	1.0730035	124000	0.15707597	0.15707597	0.16551818	-0.05187923	130.97302	0.0	-13.273064	0.6544019	-2.1979212e-09	14.7455313205719
31	44.629215	27.704857	131.0	10.0	44.629215	20.639847	8.0995455	32.793365	0.47210908	128000	0.12789775	0.12789775	0.1326107	-0.041402366	211.67569	0.0	-29.208267	0.65751815	2.682209e-10	15.194053173065186
32	43.0	27.060266	183.0	12.0	43.0	24.68803	9.991481	37.60013	0.66411734	132000	0.12381371	0.12381371	0.14234908	-0.046485864	224.0456	0.0	-28.86354	0.6513938	3.6507844e-10	15.643616914749146
33	51.77922	29.27861	158.0	13.0	51.77922	24.707855	8.882559	42.308983	-0.21076429	136000	0.12524383	0.12524383	0.13604553	-0.041268308	205.16107	0.0	-24.092987	0.65602916	1.0430813e-10	16.08742666244507
34	44.18889	23.224459	121.0	11.0	44.18889	28.658077	11.36509	40.415676	-0.92608625	140000	0.13293658	0.13293658	0.12917219	-0.054888852	179.39476	0.0	-50.923645	0.6498147	3.874302e-10	16.531182050704956
35	45.712643	27.219374	127.0	13.0	45.712643	21.13332	10.135469	34.71599	0.2785586	144000	0.12401031	0.12401031	0.1399741	-0.04922065	219.18135	0.0	-47.308563	0.64924634	2.682209e-10	16.965712308883667
36	48.04819	28.952353	151.0	12.0	48.04819	24.562355	10.375606	43.983047	-1.7521088	148000	0.12213933	0.12213933	0.12798397	-0.0506418	194.93187	0.0	-15.02272	0.6484481	3.2037498e-10	17.408294677734375
37	52.8	28.347368	122.0	10.0	52.8	25.918705	11.268991	47.625454	0.57865113	152000	0.12862082	0.12862082	0.14451161	-0.048539657	177.02037	0.0	-14.6766205	0.64959383	-1.4901161e-09	17.84250283241272
38	46.430233	24.524569	136.0	12.0	46.430233	27.06253	11.19797	40.456036	-0.2263025	156000	0.1535976	0.1535976	0.13527824	-0.052288104	147.09978	0.0	-13.904419	0.64377874	2.5331975e-10	18.295599937438965
39	47.93976	29.602324	145.0	13.0	47.93976	24.270641	10.523852	36.485085	-0.09282988	160000	0.113466986	0.113466986	0.12449986	-0.04662199	204.83395	0.0	-21.120682	0.6451684	-1.6093255e-09	18.744540452957153
40	52.92	28.271898	143.0	14.0	52.92	25.078218	11.826597	40.436817	-2.5195842	164000	0.15929584	0.15929584	0.17547636	-0.051830135	196.29495	0.0	-18.522964	0.64492553	-2.1606683e-10	19.182121753692627
41	46.6	28.534063	200.0	12.0	46.6	26.432066	10.743917	42.469006	-0.88564724	168000	0.14146288	0.14146288	0.09489184	-0.0509356	217.26802	0.0	-29.189758	0.6412005	2.2351741e-10	19.622865438461304
42	50.36709	30.604948	131.0	13.0	50.36709	27.118958	10.877308	44.890633	-5.5253277	172000	0.15064752	0.15064752	0.32128513	-0.048403494	206.87732	0.0	-15.754623	0.64011204	-4.3958426e-10	20.0529842376709
43	53.293335	33.674828	200.0	12.0	53.293335	28.25311	11.762274	44.1425	-5.29409	176000	0.11791864	0.11791864	0.12100264	-0.05230123	286.5852	0.0	-56.578247	0.63918155	7.450581e-12	20.49975347518921
44	51.74026	26.547876	149.0	16.0	51.74026	26.770414	10.2047825	47.665478	-1.7053406	180000	0.1235597	0.1235597	0.18809472	-0.055940993	179.20285	0.0	-23.457443	0.64025617	-4.917383e-10	20.930208206176758
45	66.566666	46.544735	200.0	11.0	66.566666	26.849125	10.553887	42.074936	0.18198669	184000	0.11446147	0.11446147	0.12783815	-0.04360637	412.743	0.0	-110.360504	0.642397	5.885959e-10	21.372068643569946
46	50.291138	29.78112	150.0	15.0	50.291138	33.97777	13.130056	57.891293	-2.0139375	188000	0.11023695	0.11023695	0.092774324	-0.051572915	285.93762	0.0	-92.74437	0.6341501	-4.768372e-10	21.852503061294556
47	56.085712	34.793575	156.0	11.0	56.085712	27.149097	10.779032	45.615707	-3.865407	192000	0.1123471	0.1123471	0.1675563	-0.045595855	258.4301	0.0	-29.025314	0.63528997	1.1175871e-09	22.294317722320557
48	62.857143	39.083485	184.0	12.0	62.857143	29.099695	11.489233	49.561443	-3.6061885	196000	0.12791626	0.12791626	0.13648465	-0.049613226	320.0321	0.0	-61.59662	0.6375286	3.427267e-10	22.73456859588623
49	67.13559	39.096775	178.0	15.0	67.13559	32.98463	11.550188	51.923706	-3.8884501	200000	0.13927533	0.13927533	0.2245811	-0.04720376	295.6886	0.0	-76.883514	0.637849	-7.301569e-10	23.205303192138672
